0.124000 0.000000
0.124000 16.000000
0.124000 32.000000
0.124000 32.000000
0.124000 32.000000
0.124000 32.000000
0.124000 32.000000
0.124000 32.000000
0.124000 32.000000
0.124000 32.000000
0.124000 32.000000
0.124000 32.000000
0.124000 32.000000
0.124000 32.000000
0.124000 32.000000
0.124000 32.000000
0.124000 32.000000
0.124000 32.000000
0.124000 32.000000
0.124000 32.000000
0.124000 32.000000
0.124000 32.000000
0.124000 32.000000
0.124000 32.000000
0.124000 32.000000
0.124000 32.000000
0.124000 32.000000
0.124000 32.000000
0.124000 32.000000
0.124000 32.000000
0.124000 32.000000
0.124000 32.000000
0.060000 0.000000
0.124000 16.000000
0.188000 32.000000
0.188000 32.000000
0.188000 32.000000
0.188000 32.000000
0.188000 32.000000
0.188000 32.000000
0.188000 32.000000
0.188000 32.000000
0.188000 32.000000
0.188000 32.000000
0.188000 32.000000
0.188000 32.000000
0.188000 32.000000
0.188000 32.000000
0.188000 32.000000
0.188000 32.000000
0.188000 32.000000
0.188000 32.000000
0.188000 32.000000
0.188000 32.000000
0.188000 32.000000
0.188000 32.000000
0.188000 32.000000
0.188000 32.000000
0.188000 32.000000
0.188000 32.000000
0.188000 32.000000
0.188000 32.000000
0.188000 32.000000
0.188000 32.000000
-0.004000 0.000000
0.124000 16.000000
0.252000 32.000000
0.252000 32.000000
0.252000 32.000000
0.252000 32.000000
0.252000 32.000000
0.252000 32.000000
0.252000 32.000000
0.252000 32.000000
0.252000 32.000000
0.252000 32.000000
0.252000 32.000000
0.252000 32.000000
0.252000 32.000000
0.252000 32.000000
0.252000 32.000000
0.252000 32.000000
0.252000 32.000000
0.252000 32.000000
0.252000 32.000000
0.252000 32.000000
0.252000 32.000000
0.252000 32.000000
0.252000 32.000000
0.252000 32.000000
0.252000 32.000000
0.252000 32.000000
0.252000 32.000000
0.252000 32.000000
0.252000 32.000000
0.252000 32.000000
