    -0.050    0.000    0.050    0.000
    -0.100    0.000    0.100    0.000
    -0.150    0.000    0.150    0.000
    -0.200    0.000    0.200    0.000
    -0.250    0.000    0.250    0.000
    -0.300    0.000    0.300    0.000
    -0.350    0.000    0.350    0.000
    -0.400    0.000    0.400    0.000
    -0.450    0.000    0.450    0.000
    -0.500    0.000    0.500    0.000
    -0.043   -0.025    0.043    0.025
    -0.087   -0.050    0.087    0.050
    -0.130   -0.075    0.130    0.075
    -0.173   -0.100    0.173    0.100
    -0.217   -0.125    0.217    0.125
    -0.260   -0.150    0.260    0.150
    -0.303   -0.175    0.303    0.175
    -0.346   -0.200    0.346    0.200
    -0.390   -0.225    0.390    0.225
    -0.433   -0.250    0.433    0.250
    -0.025   -0.043    0.025    0.043
    -0.050   -0.087    0.050    0.087
    -0.075   -0.130    0.075    0.130
    -0.100   -0.173    0.100    0.173
    -0.125   -0.217    0.125    0.217
    -0.150   -0.260    0.150    0.260
    -0.175   -0.303    0.175    0.303
    -0.200   -0.346    0.200    0.346
    -0.225   -0.390    0.225    0.390
    -0.250   -0.433    0.250    0.433
     0.000   -0.050    0.000    0.050
     0.000   -0.100    0.000    0.100
     0.000   -0.150    0.000    0.150
     0.000   -0.200    0.000    0.200
     0.000   -0.250    0.000    0.250
     0.000   -0.300    0.000    0.300
     0.000   -0.350    0.000    0.350
     0.000   -0.400    0.000    0.400
     0.000   -0.450    0.000    0.450
     0.000   -0.500    0.000    0.500
     0.025   -0.043   -0.025    0.043
     0.050   -0.087   -0.050    0.087
     0.075   -0.130   -0.075    0.130
     0.100   -0.173   -0.100    0.173
     0.125   -0.217   -0.125    0.217
     0.150   -0.260   -0.150    0.260
     0.175   -0.303   -0.175    0.303
     0.200   -0.346   -0.200    0.346
     0.225   -0.390   -0.225    0.390
     0.250   -0.433   -0.250    0.433
     0.043   -0.025   -0.043    0.025
     0.087   -0.050   -0.087    0.050
     0.130   -0.075   -0.130    0.075
     0.173   -0.100   -0.173    0.100
     0.217   -0.125   -0.217    0.125
     0.260   -0.150   -0.260    0.150
     0.303   -0.175   -0.303    0.175
     0.346   -0.200   -0.346    0.200
     0.390   -0.225   -0.390    0.225
     0.433   -0.250   -0.433    0.250
