-333.3333      0.0000
 16666.67      0.0000
 1.000000   -99999.00
-333.3333    500.0000
 3333.333    333.3333
 6666.668    433.3333
 10000.00    466.6667
 16666.67    400.0000
 1.000000   -99999.00
-333.3333    1000.000
 3333.333    666.6667
 6666.668    1000.000
 10000.00    1066.667
 16666.67    1100.000
 1.000000   -99999.00
-333.3333    1666.667
 3333.333    1166.667
 6666.668    1833.333
 10000.00    2266.667
 16666.67    2333.333
 1.000000   -99999.00
-333.3333    2666.667
 3333.333    1500.000
 6666.668    3000.000
 10000.00    4666.668
 16666.67    5333.333
 1.000000   -99999.00
-333.3333    5000.000
 3666.667    2000.000
 6666.668    5000.000
 10000.00    8333.332
 16666.67    11666.67
 1.000000   -99999.00
-333.3333    7000.000
 2000.000    3666.667
 2500.000    3500.000
 3333.333    3500.000
 4333.333    3666.667
 6666.668    7000.000
 9000.000    11666.67
 1.000000   -99999.00
