      0.00       0.00
   3140.00       0.00
         1     -99999
      0.00     900.00
   3140.00     900.00
         1     -99999
      0.00    1100.00
     10.00    1103.59
     20.00    1107.16
     30.00    1110.71
     40.00    1114.22
     50.00    1117.69
     60.00    1121.08
     70.00    1124.40
     80.00    1127.64
     90.00    1130.77
    100.00    1133.80
    110.00    1136.70
    120.00    1139.48
    130.00    1142.11
    140.00    1144.59
    150.00    1146.91
    160.00    1149.06
    170.00    1151.04
    180.00    1152.84
    190.00    1154.44
    200.00    1155.85
    210.00    1157.06
    220.00    1158.07
    230.00    1158.87
    240.00    1159.46
    250.00    1159.83
    260.00    1159.99
    270.00    1159.94
    280.00    1159.67
    290.00    1159.19
    300.00    1158.50
    310.00    1157.59
    320.00    1156.48
    330.00    1155.17
    340.00    1153.66
    350.00    1151.96
    360.00    1150.07
    370.00    1148.01
    380.00    1145.77
    390.00    1143.37
    400.00    1140.81
    410.00    1138.11
    420.00    1135.27
    430.00    1132.30
    440.00    1129.22
    450.00    1126.03
    460.00    1122.75
    470.00    1119.39
    480.00    1115.96
    490.00    1112.47
    500.00    1108.94
    510.00    1105.38
    520.00    1101.79
    530.00    1098.21
    540.00    1094.62
    550.00    1091.06
    560.00    1087.53
    570.00    1084.04
    580.00    1080.61
    590.00    1077.25
    600.00    1073.97
    610.00    1070.78
    620.00    1067.70
    630.00    1064.73
    640.00    1061.89
    650.00    1059.19
    660.00    1056.63
    670.00    1054.23
    680.00    1051.99
    690.00    1049.93
    700.00    1048.04
    710.00    1046.34
    720.00    1044.83
    730.00    1043.52
    740.00    1042.41
    750.00    1041.50
    760.00    1040.81
    770.00    1040.33
    780.00    1040.06
    790.00    1040.01
    800.00    1040.17
    810.00    1040.54
    820.00    1041.13
    830.00    1041.93
    840.00    1042.94
    850.00    1044.15
    860.00    1045.56
    870.00    1047.16
    880.00    1048.96
    890.00    1050.94
    900.00    1053.09
    910.00    1055.41
    920.00    1057.89
    930.00    1060.52
    940.00    1063.30
    950.00    1066.20
    960.00    1069.23
    970.00    1072.36
    980.00    1075.60
    990.00    1078.92
   1000.00    1082.31
   1010.00    1085.78
   1020.00    1089.29
   1030.00    1092.84
   1040.00    1096.41
   1050.00    1100.00
   1060.00    1103.59
   1070.00    1107.16
   1080.00    1110.71
   1090.00    1114.22
   1100.00    1117.69
   1110.00    1121.08
   1120.00    1124.40
   1130.00    1127.64
   1140.00    1130.77
   1150.00    1133.80
   1160.00    1136.70
   1170.00    1139.48
   1180.00    1142.11
   1190.00    1144.59
   1200.00    1146.91
   1210.00    1149.06
   1220.00    1151.04
   1230.00    1152.84
   1240.00    1154.44
   1250.00    1155.85
   1260.00    1157.06
   1270.00    1158.07
   1280.00    1158.87
   1290.00    1159.46
   1300.00    1159.83
   1310.00    1159.99
   1320.00    1159.94
   1330.00    1159.67
   1340.00    1159.19
   1350.00    1158.50
   1360.00    1157.59
   1370.00    1156.48
   1380.00    1155.17
   1390.00    1153.66
   1400.00    1151.96
   1410.00    1150.07
   1420.00    1148.01
   1430.00    1145.77
   1440.00    1143.37
   1450.00    1140.81
   1460.00    1138.11
   1470.00    1135.27
   1480.00    1132.30
   1490.00    1129.22
   1500.00    1126.03
   1510.00    1122.75
   1520.00    1119.39
   1530.00    1115.96
   1540.00    1112.47
   1550.00    1108.94
   1560.00    1105.38
   1570.00    1101.79
   1580.00    1098.21
   1590.00    1094.62
   1600.00    1091.06
   1610.00    1087.53
   1620.00    1084.04
   1630.00    1080.61
   1640.00    1077.25
   1650.00    1073.97
   1660.00    1070.78
   1670.00    1067.70
   1680.00    1064.73
   1690.00    1061.89
   1700.00    1059.19
   1710.00    1056.63
   1720.00    1054.23
   1730.00    1051.99
   1740.00    1049.93
   1750.00    1048.04
   1760.00    1046.34
   1770.00    1044.83
   1780.00    1043.52
   1790.00    1042.41
   1800.00    1041.50
   1810.00    1040.81
   1820.00    1040.33
   1830.00    1040.06
   1840.00    1040.01
   1850.00    1040.17
   1860.00    1040.54
   1870.00    1041.13
   1880.00    1041.93
   1890.00    1042.94
   1900.00    1044.15
   1910.00    1045.56
   1920.00    1047.16
   1930.00    1048.96
   1940.00    1050.94
   1950.00    1053.09
   1960.00    1055.41
   1970.00    1057.89
   1980.00    1060.52
   1990.00    1063.30
   2000.00    1066.20
   2010.00    1069.23
   2020.00    1072.36
   2030.00    1075.60
   2040.00    1078.92
   2050.00    1082.31
   2060.00    1085.78
   2070.00    1089.29
   2080.00    1092.84
   2090.00    1096.41
   2100.00    1100.00
   2110.00    1103.59
   2120.00    1107.16
   2130.00    1110.71
   2140.00    1114.22
   2150.00    1117.69
   2160.00    1121.08
   2170.00    1124.40
   2180.00    1127.64
   2190.00    1130.77
   2200.00    1133.80
   2210.00    1136.70
   2220.00    1139.48
   2230.00    1142.11
   2240.00    1144.59
   2250.00    1146.91
   2260.00    1149.06
   2270.00    1151.04
   2280.00    1152.84
   2290.00    1154.44
   2300.00    1155.85
   2310.00    1157.06
   2320.00    1158.07
   2330.00    1158.87
   2340.00    1159.46
   2350.00    1159.83
   2360.00    1159.99
   2370.00    1159.94
   2380.00    1159.67
   2390.00    1159.19
   2400.00    1158.50
   2410.00    1157.59
   2420.00    1156.48
   2430.00    1155.17
   2440.00    1153.66
   2450.00    1151.96
   2460.00    1150.07
   2470.00    1148.01
   2480.00    1145.77
   2490.00    1143.37
   2500.00    1140.81
   2510.00    1138.11
   2520.00    1135.27
   2530.00    1132.30
   2540.00    1129.22
   2550.00    1126.03
   2560.00    1122.75
   2570.00    1119.39
   2580.00    1115.96
   2590.00    1112.47
   2600.00    1108.94
   2610.00    1105.38
   2620.00    1101.79
   2630.00    1098.21
   2640.00    1094.62
   2650.00    1091.06
   2660.00    1087.53
   2670.00    1084.04
   2680.00    1080.61
   2690.00    1077.25
   2700.00    1073.97
   2710.00    1070.78
   2720.00    1067.70
   2730.00    1064.73
   2740.00    1061.89
   2750.00    1059.19
   2760.00    1056.63
   2770.00    1054.23
   2780.00    1051.99
   2790.00    1049.93
   2800.00    1048.04
   2810.00    1046.34
   2820.00    1044.83
   2830.00    1043.52
   2840.00    1042.41
   2850.00    1041.50
   2860.00    1040.81
   2870.00    1040.33
   2880.00    1040.06
   2890.00    1040.01
   2900.00    1040.17
   2910.00    1040.54
   2920.00    1041.13
   2930.00    1041.93
   2940.00    1042.94
   2950.00    1044.15
   2960.00    1045.56
   2970.00    1047.16
   2980.00    1048.96
   2990.00    1050.94
   3000.00    1053.09
   3010.00    1055.41
   3020.00    1057.89
   3030.00    1060.52
   3040.00    1063.30
   3050.00    1066.20
   3060.00    1069.23
   3070.00    1072.36
   3080.00    1075.60
   3090.00    1078.92
   3100.00    1082.31
   3110.00    1085.78
   3120.00    1089.29
   3130.00    1092.84
   3140.00    1096.41
         1     -99999
      0.00    1500.00
     10.00    1500.00
     20.00    1500.00
     30.00    1500.00
     40.00    1500.00
     50.00    1500.00
     60.00    1500.00
     70.00    1500.00
     80.00    1500.00
     90.00    1500.00
    100.00    1500.00
    110.00    1500.00
    120.00    1500.00
    130.00    1500.00
    140.00    1500.00
    150.00    1500.00
    160.00    1500.00
    170.00    1500.00
    180.00    1500.00
    190.00    1500.00
    200.00    1500.00
    210.00    1500.00
    220.00    1500.00
    230.00    1500.00
    240.00    1500.00
    250.00    1500.00
    260.00    1500.00
    270.00    1500.00
    280.00    1500.00
    290.00    1500.00
    300.00    1500.00
    310.00    1500.00
    320.00    1500.00
    330.00    1500.00
    340.00    1500.00
    350.00    1500.00
    360.00    1500.00
    370.00    1500.00
    380.00    1500.00
    390.00    1500.00
    400.00    1500.00
    410.00    1500.00
    420.00    1500.00
    430.00    1500.00
    440.00    1500.00
    450.00    1500.00
    460.00    1500.00
    470.00    1500.00
    480.00    1500.00
    490.00    1500.00
    500.00    1500.00
    510.00    1500.00
    520.00    1500.00
    530.00    1500.00
    540.00    1500.00
    550.00    1500.00
    560.00    1500.00
    570.00    1500.00
    580.00    1500.00
    590.00    1500.00
    600.00    1500.00
    610.00    1500.00
    620.00    1500.00
    630.00    1500.00
    640.00    1500.00
    650.00    1500.00
    660.00    1500.00
    670.00    1500.00
    680.00    1500.00
    690.00    1500.00
    700.00    1500.00
    710.00    1500.00
    720.00    1500.00
    730.00    1500.00
    740.00    1500.00
    750.00    1500.00
    760.00    1500.00
    770.00    1500.00
    780.00    1500.00
    790.00    1500.00
    800.00    1500.00
    810.00    1500.00
    820.00    1500.00
    830.00    1500.00
    840.00    1500.00
    850.00    1500.00
    860.00    1500.00
    870.00    1500.00
    880.00    1500.00
    890.00    1500.00
    900.00    1500.00
    910.00    1500.00
    920.00    1500.00
    930.00    1500.00
    940.00    1500.00
    950.00    1500.00
    960.00    1500.00
    970.00    1500.00
    980.00    1500.00
    990.00    1500.00
   1000.00    1500.00
   1010.00    1500.00
   1020.00    1500.00
   1030.00    1500.00
   1040.00    1500.00
   1050.00    1600.00
   1060.00    1600.00
   1070.00    1600.00
   1080.00    1600.00
   1090.00    1600.00
   1100.00    1600.00
   1110.00    1600.00
   1120.00    1600.00
   1130.00    1600.00
   1140.00    1600.00
   1150.00    1600.00
   1160.00    1600.00
   1170.00    1600.00
   1180.00    1600.00
   1190.00    1600.00
   1200.00    1600.00
   1210.00    1600.00
   1220.00    1600.00
   1230.00    1600.00
   1240.00    1600.00
   1250.00    1600.00
   1260.00    1600.00
   1270.00    1600.00
   1280.00    1600.00
   1290.00    1600.00
   1300.00    1600.00
   1310.00    1600.00
   1320.00    1600.00
   1330.00    1600.00
   1340.00    1600.00
   1350.00    1600.00
   1360.00    1600.00
   1370.00    1600.00
   1380.00    1600.00
   1390.00    1600.00
   1400.00    1600.00
   1410.00    1600.00
   1420.00    1600.00
   1430.00    1600.00
   1440.00    1600.00
   1450.00    1600.00
   1460.00    1600.00
   1470.00    1600.00
   1480.00    1600.00
   1490.00    1600.00
   1500.00    1600.00
   1510.00    1600.00
   1520.00    1600.00
   1530.00    1600.00
   1540.00    1600.00
   1550.00    1600.00
   1560.00    1600.00
   1570.00    1600.00
   1580.00    1600.00
   1590.00    1600.00
   1600.00    1600.00
   1610.00    1600.00
   1620.00    1600.00
   1630.00    1600.00
   1640.00    1600.00
   1650.00    1600.00
   1660.00    1600.00
   1670.00    1600.00
   1680.00    1600.00
   1690.00    1600.00
   1700.00    1600.00
   1710.00    1600.00
   1720.00    1600.00
   1730.00    1600.00
   1740.00    1600.00
   1750.00    1600.00
   1760.00    1600.00
   1770.00    1600.00
   1780.00    1600.00
   1790.00    1600.00
   1800.00    1600.00
   1810.00    1600.00
   1820.00    1600.00
   1830.00    1600.00
   1840.00    1600.00
   1850.00    1600.00
   1860.00    1600.00
   1870.00    1600.00
   1880.00    1600.00
   1890.00    1600.00
   1900.00    1600.00
   1910.00    1600.00
   1920.00    1600.00
   1930.00    1600.00
   1940.00    1600.00
   1950.00    1600.00
   1960.00    1600.00
   1970.00    1600.00
   1980.00    1600.00
   1990.00    1600.00
   2000.00    1600.00
   2010.00    1600.00
   2020.00    1600.00
   2030.00    1600.00
   2040.00    1600.00
   2050.00    1600.00
   2060.00    1600.00
   2070.00    1600.00
   2080.00    1600.00
   2090.00    1600.00
   2100.00    1600.00
   2110.00    1590.00
   2120.00    1580.00
   2130.00    1570.00
   2140.00    1560.00
   2150.00    1550.00
   2160.00    1540.00
   2170.00    1530.00
   2180.00    1520.00
   2190.00    1510.00
   2200.00    1500.00
   2210.00    1490.00
   2220.00    1480.00
   2230.00    1470.00
   2240.00    1460.00
   2250.00    1450.00
   2260.00    1440.00
   2270.00    1430.00
   2280.00    1420.00
   2290.00    1410.00
   2300.00    1400.00
   2310.00    1390.00
   2320.00    1380.00
   2330.00    1370.00
   2340.00    1360.00
   2350.00    1350.00
   2360.00    1340.00
   2370.00    1330.00
   2380.00    1320.00
   2390.00    1310.00
   2400.00    1300.00
   2410.00    1300.00
   2420.00    1300.00
   2430.00    1300.00
   2440.00    1300.00
   2450.00    1300.00
   2460.00    1300.00
   2470.00    1300.00
   2480.00    1300.00
   2490.00    1300.00
   2500.00    1300.00
   2510.00    1300.00
   2520.00    1300.00
   2530.00    1300.00
   2540.00    1300.00
   2550.00    1300.00
   2560.00    1300.00
   2570.00    1300.00
   2580.00    1300.00
   2590.00    1300.00
   2600.00    1300.00
   2610.00    1300.00
   2620.00    1300.00
   2630.00    1300.00
   2640.00    1300.00
   2650.00    1300.00
   2660.00    1300.00
   2670.00    1300.00
   2680.00    1300.00
   2690.00    1300.00
   2700.00    1300.00
   2710.00    1300.00
   2720.00    1300.00
   2730.00    1300.00
   2740.00    1300.00
   2750.00    1300.00
   2760.00    1300.00
   2770.00    1300.00
   2780.00    1300.00
   2790.00    1300.00
   2800.00    1300.00
   2810.00    1300.00
   2820.00    1300.00
   2830.00    1300.00
   2840.00    1300.00
   2850.00    1300.00
   2860.00    1300.00
   2870.00    1300.00
   2880.00    1300.00
   2890.00    1300.00
   2900.00    1300.00
   2910.00    1300.00
   2920.00    1300.00
   2930.00    1300.00
   2940.00    1300.00
   2950.00    1300.00
   2960.00    1300.00
   2970.00    1300.00
   2980.00    1300.00
   2990.00    1300.00
   3000.00    1300.00
   3010.00    1300.00
   3020.00    1300.00
   3030.00    1300.00
   3040.00    1300.00
   3050.00    1300.00
   3060.00    1300.00
   3070.00    1300.00
   3080.00    1300.00
   3090.00    1300.00
   3100.00    1300.00
   3110.00    1300.00
   3120.00    1300.00
   3130.00    1300.00
   3140.00    1300.00
         1     -99999
