0

2.5
11.70  7.4577  5.347  0.0  6.30  1.5098  0.0  9.00  0.0  2.6591  2.250  2.925
0

3.0
8.000  -0.9584  0.5107  0.0  11.20  5.7847  0.0  16.00  0.0  4.2442  5.76  4.8384
30.
******************************
0
 
2.5
9.0  6.12  6.12  0.0  9.00  6.12  0.0  9.00  0.0  1.44  1.44  1.44
0
 
2.8
12.96  8.8128  8.8128  0.0  12.96  8.8128  0.0  12.96  0.0  2.0736  2.0736  2.0736
0.

***************EXACT***************
0

2.5
11.70  7.4577  5.347  0.0  6.30  1.5098  0.0  9.00  0.0  2.6591  2.250  2.925
0

3.0
8.000  -0.9584  0.5107  0.0  11.20  5.7847  0.0  16.00  0.0  4.2442  5.76  4.8384
30.

************SLOTNICK1************
0

2.1
14.5062  11.9336  7.0271  0.0  10.0602  4.6149  0.0  9.00  0.0  2.2457  1.9196  2.2686
0

2.8356
6.6778  0.1489  1.5538  0.0  12.8832  7.4722  0.0  12.633  0.0  2.2408  3.4842  2.9853
21.74

**********************************

0

2.5
11.6763  3.2570  3.2570  0.0  12.25  3.7093  0.0  12.25  0.0  4.2704  4.2291  4.2291
0

2.8211
13.6867  8.7078  8.7078  0.0  12.9168  8.4743  0.0  12.9168  0.0  2.2213  2.0480  2.0480
90.


*************************************************
0

1.5
4.40  2.8121  2.8121  0.0  4.00  3.1467  0.0  4.00  0.0  0.4267  0.512  0.512
0

1.68
6.336  2.9578  2.9578  0.0  5.76  4.531  0.0  5.76  0.0  0.6145  0.7374  0.7374
0.

****************************************************
0

2.5
8.10  7.5496  7.5496  0.0  9.00  6.12  0.0  9.00  0.0  1.44  1.152  1.152
0

2.8
11.664  8.8359  8.8359  0.0  12.96  8.8128  0.0  12.96  0.0  2.0736  1.6589  1.6589
30.

*******************************************************
0

2.5
9.00  6.12  6.12  0.0  9.00  6.12  0.0  9.00  0.0  1.44  1.44  1.44
0

2.8
12.96  8.8128  8.8128  0.0  12.96  8.8128  0.0  12.96  0.0  2.0736  2.0736  2.0736
0.

++++++++++++++++++++++++++++++++++


0

2.5
8.10  7.5496  7.5496  0.0  9.00  6.12  0.0  9.00  0.0  1.44  1.152  1.152
0

2.8
11.664  8.8359  8.8359  0.0  12.96  8.8128  0.0  12.96  0.0  2.0736  1.6589  1.6589
30.

****************************************
0

2.5
11.70  6.097  5.347  0.0  6.30  -0.482  0.0  9.00  0.0  3.60  2.250  3.60
0

3.0
8.000  -4.006  0.511  0.0  11.20  1.568  0.0  16.00  0.0  6.336  5.76  6.336
0.


0

2.5
11.70  7.911  5.347  0.0  6.30  1.424  0.0  9.00  0.0  2.700  2.250  2.700
0

3.0
8.000  0.668  0.511  0.0  11.20  6.212  0.0  16.00  0.0  4.032  5.76  4.032
0.

*******************************
0

2.0
7.20  4.4987  5.3469  0.0  6.30  6.83  0.0  9.0  0.0  1.591  2.25  1.845
0

2.4
9.60  3.5696  4.0527  0.0  10.24  3.1281  0.0  16.0  0.0  4.6287  5.29  3.703
20.

******************************
0
 
2.0
12.60  10.658  5.3469  0.0  12.24  6.83  0.0  9.0  0.0  1.59  2.25  1.845
0
 
2.4
9.6  3.5696  4.0527  0.0  10.24  3.1281  0.0  16.0  0.0  4.6287  5.29  3.703
20. 

************ORT_ORT for PAGEOPH*******************
0
 
2.1
10.655  1.345  1.78  0.0  9.176  1.393  0.0  12.745  0.0  4.655  4.920  4.329
0
 
2.3
12.502  1.879  2.541  0.0  14.516  3.095  0.0  17.364  0.0  6.37  6.027  5.605
30.

************VTI_HTI for PAGEOPH*************
0

2.0
11.774  6.374  4.70  0.0  11.774  4.70  0.0  8.41  0.0  2.25  2.25  2.70
0

2.2
8.059  3.39  3.39  0.0  10.89  4.41  0.0  10.89  0.0  3.24  2.896  2.896
0.


11.56  3.136  5.08  0.0  11.56  1.05  0.0  11.56  0.0  6.02  3.24  4.212
12.346  4.955  3.081  0.0  13.483  3.358  0.0  8.123  0.0  2.690  2.176  2.959
9.00  6.30  6.806  0.0  9.00  3.8976  0.0  9.00  0.0  0.8438  2.25  1.35
9.00  3.15  0.7687  0.0  9.00  3.921  0.0  9.00  0.0  3.656  2.25  2.925
**************************** + + 1.9121
9.00  4.50  4.50  0.0  9.00  6.806  0.0  9.00  0.0  2.25  2.25  2.25
9.00  3.15  4.50  0.0  9.00  1.6875  0.0  9.00  0.0  3.656  2.25  2.925
*************************** + - 0.9186
9.00  4.50  4.50  0.0  9.00  6.806  0.0  9.00  0.0  2.25  2.25  2.25
9.00  6.30  4.50  0.0  9.00  7.3125  0.0  9.00  0.0  0.8438  2.25  1.35
*************************** - + 1.9121
9.00  4.50  4.50  0.0  9.00  0.7687  0.0  9.00  0.0  2.25  2.25  2.25
9.00  3.15  4.50  0.0  9.00  1.6875  0.0  9.00  0.0  3.656  2.25  2.925
*************************** - - 0.9186
9.00  4.50  4.50  0.0  9.00  0.7687  0.0  9.00  0.0  2.25  2.25  2.25
9.00  6.30  4.50  0.0  9.00  7.3125  0.0  9.00  0.0  0.8438  2.25  1.35




5.76  1.26  1.26  0.0  5.76  1.26  0.0  5.76  0.0  2.25  2.25  2.25
12.96  8.46  8.46  0.0  12.96  8.46  0.0  12.96  0.0  2.25  2.25  2.25
9.00  6.12  6.12  0.0  9.00  6.12  0.0  9.00  0.0  1.44  1.44  1.44
9.00  2.52  2.52  0.0  9.00  2.52  0.0  9.00  0.0  3.24  3.24  3.24

12.25  4.25  4.25  0.0  12.25  4.25  0.0  12.25  0.0  4.00  4.00  4.00
6.76   3.38  3.38  0.0  6.76   3.38  0.0  6.76   0.0  1.69  1.69  1.69


9.0  2.70  4.50  0.0  9.0  -1.50  0.0  9.00  0.0  5.25  2.25  3.15 g=+0.4
9.0  6.30  4.50  0.0  9.0  7.07  0.0  9.00  0.0  0.964  2.25  1.35 g=-0.4
16.00  4.80  8.0  0.0  16.00  -2.67  0.0  16.00  0.0  9.33  4.0  5.60 g=+0.4
16.00  11.20  8.0  0.0  16.00  12.57  0.0  16.00  0.0  1.714  4.0  2.4 g=-0.4


16.00  8.0  12.1  0.0  16.00  8.0  0.0  16.00  0.0  4.0  4.0  4.0          +0.3
16.00  8.0  1.367  0.0  16.00  8.0  0.0  16.00  0.0  4.0  4.0  4.0         -0.3

9.0  4.50  6.806  0.0  9.0  4.50  0.0  9.00  0.0  2.25  2.25  2.25         +0.3
9.0  4.50  0.769  0.0  9.0  4.50  0.0  9.00  0.0  2.25  2.25  2.25         -0.3

-----------------puvodni ORT/ORT blbej-----------------------

0

2.1
ort 1
10.655  1.345  1.780  0.0  9.176  1.393  0.0  12.745  0.0  4.655  4.920  4.329
0
iso 1
12.745  3.431  3.431  0.0  12.745  3.431  0.0  12.745  0.0  4.657  4.657  4.657

2.3
ort 2
14.516  1.786  2.372  0.0  12.502  1.847  0.0  17.364  0.0  6.367  6.729  5.921
0
iso 2
17.364  4.628  4.628  0.0  17.364  4.628  0.0  17.364  0.0  6.368  6.368  6.368

---------------VTI_ORT - cwp report--------------------------------------
0

2.5
14.375  6.47  5.621  0.0  14.375  5.621  0.0  10.89  0.0  3.24  3.24  3.953
0

2.4
11.284  6.132  5.281  0.0  13.462  5.941  0.0  10.213  0.0  2.69  2.518  3.07
0

----------------HTI/HTI slabej pro testy s negativ. delta----ted delta1=0.1-------
0

2.2
7.56  4.526  4.526  0.0  9.0  3.22  0.0  9.0  0.0  2.89  2.65  2.65
0

2.3
8.602  3.747  3.747  0.0  10.24  3.76  0.0  10.24  0.0  3.24  2.98  2.98
0

---------------VTI/HTI nice ----------------------------------------
0

2.0
5.468  2.66  2.365  0.0  5.468  2.365  0.0  4.41  0.0  1.21  1.21  1.404
0

2.2
4.625  2.253  2.253  0.0  6.25  2.87  0.0  6.25  0.0  1.69  1.51  1.51
0


---------------VTI/HTI podle Vavrycuk, Psencik - strong contr., strong aniso----------------
0

2.2
12.6  5.417  3.855  0.0  12.6  3.855  0.0  9.0  0.0  2.993  2.993  3.59
0

2.6
9.44  3.143  3.143  0.0  15.29  4.616  0.0  15.29  0.0  5.336  4.255  4.255
0  

----------------HTI/ORT II-------------------------
0

2.2
7.2  3.09  3.09  0.0  9.0  2.52  0.0  9.00  0.0  3.24  2.72  2.72
0

2.5
15.925  6.0942  3.2366  0.0  18.375  3.62  0.0  12.25  0.0  4.61  3.8416  5.993
0


7.2  3.09  3.09  0.0  9.0  2.52  0.0  9.00  0.0  3.24  2.72  2.72

----------------HTI/ORT------------------------
0

2.2
8.1  1.294  1.294  0.0  9.0  1.0  0.0  9.0  0.0  4.0  3.36  3.36
0

2.5
15.925  6.0942  3.2366  0.0  18.375  3.62  0.0  12.25  0.0  4.61  3.8416  5.993
30

--------------Andreas ISO/HTI, page 65------------------
0

2.7
5.117  1.434  1.434  0.0  5.117  1.434  0.0  5.117  0.0  1.841  1.841 1.841
0

2.7
5.625  2.466  2.466  0.0  6.25  1.75  0.0  6.25  0.0  2.25  1.73  1.73
30


--------------ORT/ORT--------------------------------

0

2.2
12.27  4.87  3.05  0.0  13.44  3.31  0.0  8.10  0.0  2.7  2.18  2.97
0

2.5
15.925  6.0942  3.2366  0.0  18.375  3.62  0.0  12.25  0.0  4.61  3.8416  5.993
0

----------------HTI/HTI------------------------
0


2.2
8.1   3.0   3.0   0.0   9.0   3.0142   0.0   9.0   0.0   2.993   2.514   2.514
0

2.5
9.43  3.14  3.14  0.0  15.27  4.61  0.0  15.27  0.0   5.33   4.25  4.25
30


----------------------------------------------------
   VTI/HTI:
0    

2.46
22.36  6.36  8.49  0.0  22.36  8.49  0.0  18.91  0.0   6.61   6.61  8.0
0

2.65
18.69  6.2  6.2   0.0  24.31   7.6   0.0  24.31   0.0   8.35   7.45   7.45 
30







2.5
25.0   8.0   4.0   0.0  16.0   8.0   0.0  16.0   0.0   6.05  6.0   6.0
0
0.0960

2.5
12.25  4.25  2.25  0.0  12.25  2.25  0.0  12.25  0.0   4.0   6.0   4.0
50
0.0840

2.5
16.0   8.0   8.0   0.0  16.0   8.0   0.0  16.0   0.0   4.0   4.0   4.0
0

%=============================================================================
This is  model.in_3D_1_1  where I intend to replace the third layer with 
anisotropic one to make  model.in_3D_2
2    

2.5
12.25  4.25  4.25  0.0  12.25  4.25  0.0  12.25  0.0   4.0   4.0   4.0
0

2.5
25.0   8.0   4.0   0.0  16.0   8.0   0.0  16.0   0.0   4.0   4.0   4.0
30
0.0960

2.5
12.25  4.25  4.25  0.0  12.25  4.25  0.0  12.25  0.0   4.0   4.0   4.0
0
0.0840

2.5
16.0   8.0   8.0   0.0  16.0   8.0   0.0  16.0   0.0   4.0   4.0   4.0
0



