15	0.0	23.0	95.0
20	0.0	24.3	93.8
25	0.0	25.4	92.5
30	0.0	26.5	91.5
35	0.0	28.0	90.5
40	0.0	29.0	89.5
45	0.0	30.4	89.0
50	0.0	32.0	90.0
55	0.0	33.0	91.0
60	0.0	34.8	90.0
65	0.0	37.0	88.3
70	0.0	39.8	87.0
75	0.0	42.5	85.7
80	0.0	45.4	84.3
85	0.0	47.0	82.6
90	0.0	48.7	80.3
95	0.0	49.2	78.2
100	0.0	50.1	76.2
105	0.0	50.5	74.0
110	0.0	50.8	72.0
115	0.0	51.1	70.0
120	0.0	51.5	68.7
125	0.0	51.8	68.5
130	0.0	52.5  	68.2
135	0.0	54.0	68.0
140	0.0	56.0	67.5
145	0.0	58.0	67.2
150	0.0	60.0	67.1
155	0.0	62.0	66.0
160	0.0	64.0	64.5
165	0.0	66.0	63.5
170	0.0	68.0	62.5
175	0.0	69.2	61.4
180	0.0	70.4	60.4
185	0.0	71.6	59.2
190	0.0	72.6	58.5
195	0.0	74.0	58.5
200	0.0	74.6	58.5
205	0.0	75.9	58.5
210	0.0	77.1	58.5
215	0.0	79.0	58.5
220	0.0	81.0	56.3
225	0.0	83.0	54.4
230	0.0	84.8	52.5
235	0.0	87.0	50.3
240	0.0	87.0	48.7
245	0.0	87.0	47.3
250	0.0	87.0	46.2
255	0.0	87.0	45.0
260	0.0	87.2	43.5
265	0.0	88.0	42.4
270	0.0	89.0	40.5
275	0.0	90.0	38.5
280	0.0	90.2	36.5
285	0.0	90.2	35.0
290	0.0	90.2	33.0
295	0.0	90.2	31.0
300	0.0	90.2	30.0
305	0.0	90.2	28.5
310	0.0	91.0	27.5
315	0.0	92.0	26.5
320	0.0	92.5	25.3
325	0.0	93.5	24.5
330	0.0	94.3	23.3
335	0.0	95.2	22.5
