0	0.0	30.9	110.1
5	0.0	32.3	108.9
10	0.0	33.4	107.6
15	0.0	34.7	106.4
20	0.0	35.9	105.1
25	0.0	37.2	103.9
30	0.0	38.4	102.6
35	0.0	39.7	101.4
40	0.0	40.9	101.1
45	0.0	42.2	98.9
50	0.0	43.4	97.6
55	1.0	45.3	97.0
60	2.0	47.1	96.3
65	3.0	49.0	95.7
70	4.0	50.9	95.1
75	5.0	52.7	94.4
80	4.0	53.4	92.6
85	3.0	54.0	90.7
90	2.0	54.6	88.8 
95	1.0	55.3	87.0
100	0.0	55.9	85.1
105	0.0	57.2	83.9
110	0.0	58.4	82.6
115	0.0	59.7	81.4
120	0.0	60.9	80.1
125	-5.0	59.1	75.8
130	-5.0	60.3	74.5
135	-5.0	61.6	73.3
140	-5.0	62.8	72.0
145	-5.0	64.1	70.8 
150	-4.1	65.3	69.5
155	-3.2	67.2	68.9
160	-2.3	69.1	68.3
165	-1.4	70.9	67.6
170	-0.5	72.8	67.2
175	0.5	74.7	66.8
180	1.4	76.5	66.4
185	2.3	78.4	66.1
190	3.2	80.0	65.7
195	4.1	81.6	65.3
200	5.0	83.3	65.0
205	4.0	83.6	63.3
210	3.0	84.0	61.7
215	2.0	84.4	60.1
220	1.0	84.7	58.4
225	0.0	85.1	56.8
230	0.0	86.1	55.8
235	0.0	87.1	54.8
240	0.0	88.1	53.8
245	0.0	89.1	52.8
250	0.0	90.1	51.8
255	5.0	94.3	54.0
260	5.0	95.3	53.0
265	5.0	96.3	52.0
270	5.0	97.3	51.0
275	5.0	98.3	50.0
280	4.0	98.6	48.3
285	3.0	99.0	46.7
290	2.0	99.4	45.1
295	1.0	99.7	43.4
300	0.0	100.1	41.8
305	0.0	101.1	40.8
310	0.0	102.1	39.8
315	0.0	103.1	38.8
320	0.0	104.1	37.8
325	0.0	105.1	36.8
330	0.0	106.1	35.8
335	0.0	107.1	34.8
340	0.0	108.1	33.8
345	0.0	109.1	32.8
350	0.0	110.1	31.8
