15	23.0	95.0
20	24.3	93.8
25	25.4	92.5
30	26.5	91.5
35	28.0	90.5
40	29.0	89.5
45	30.4	89.0
50	32.0	90.0
55	33.0	91.0
60	34.8	90.0
65	37.0	88.3
70	39.8	87.0
75	42.5	85.7
80	45.4	84.3
85	47.0	82.6
90	48.7	80.3
95	49.2	78.2
100	50.1	76.2
105	50.5	74.0
110	50.8	72.0
115	51.1	70.0
120	51.5	68.7
125	51.8	68.5
130	52.5  	68.2
135	54.0	68.0
140	56.0	67.5
145	58.0	67.2
150	60.0	67.1
155	62.0	66.0
160	64.0	64.5
165	66.0	63.5
170	68.0	62.5
175	69.2	61.4
180	70.4	60.4
185	71.6	59.2
190	72.6	58.5
195	74.0	58.5
200	74.6	58.5
205	75.9	58.5
210	77.1	58.5
215	79.0	58.5
220	81.0	56.3
225	83.0	54.4
230	84.8	52.5
235	87.0	50.3
240	87.0	48.7
245	87.0	47.3
250	87.0	46.2
255	87.0	45.0
260	87.2	43.5
265	88.0	42.4
270	89.0	40.5
275	90.0	38.5
280	90.2	36.5
285	90.2	35.0
290	90.2	33.0
295	90.2	31.0
300	90.2	30.0
305	90.2	28.5
310	91.0	27.5
315	92.0	26.5
320	92.5	25.3
325	93.5	24.5
330	94.3	23.3
335	95.2	22.5
