20	0.0 	23.8	94.2
25	0.0	25.1	92.6
30	0.0	26.4	92.0
35	0.0	27.9	90.8
40	0.0	29.1	90.2
45	0.0	30.6	89.0
50	0.0	31.9	90.0
55	1.0	34.0	92.0
60	2.0	36.0	92.0
65	3.0	39.1	91.0
70	4.0	42.1	90.0
75	5.0	44.8	89.0
80	4.0	47.3	87.0
85	3.0	49.0	84.0
90	2.0	49.7	82.0
95	1.0	50.4	79.0
100	0.0	51.0	76.0
105	0.0	51.5	74.0
110	0.0	51.5	72.0
115	0.0	51.5	70.0
120	0.0	52.0	69.0
125	-5.0	49.2	65.0
130	-5.0	49.6	65.0
135	-5.0	51.3	65.2
140	-5.0	53.3	64.5
145	-5.0	55.2	64.5
150	-4.1	57.9	64.0
155	-3.2	60.4	63.4
160	-2.3	63.0	63.1
165	-1.4	65.5	62.7
170	-0.5	68.0	62.1
175	0.5	69.0	61.8
180	1.4	71.0	61.2
185	2.3	73.0	61.0
190	3.2	74.5	61.0
195	4.1	76.0	61.5
200	5.0	78.2	62.0
205	4.0	78.8	61.0
210	3.0	79.2	61.0
215	2.0	81.0	60.0
220	1.0	82.0	57.0
225	0.0	83.0	54.0
230	0.0	85.0	52.1
235	0.0	87.0	50.1
240	0.0	87.0	49.0
245	0.0	87.0	47.8
250	0.0	87.0	46.1
255	5.0	90.0	48.0
260	5.0	90.7	47.0
265	5.0	91.2	45.0
270	5.0	92.2	43.0
275	5.0	93.0	41.8
280	4.0	93.0	39.2
285	3.0	92.8	37.0
290	2.0	92.2	34.0
295	1.0	91.3	32.0
300	0.0	91.0	30.0
305	0.0	91.0	28.7
310	0.0	91.0	27.0
315	0.0	92.0	26.0
320	0.0	92.8	25.0
325	0.0	93.8	24.0
330	0.0	94.8	23.0
