15	0.0	-15.0
20	0.0	-15.0
25	0.0	-15.0
30	0.0	-15.0
35	0.0	-15.0
40	0.0	-15.0
45	0.0	-15.0
50	0.0	-15.0
50	0.0	-25.0
55	1.0	-25.0
60	2.0	-25.0
65	3.0	-25.0
70	4.0	-25.0
75	5.0	-25.0
80	4.0	-25.0
85	3.0	-25.0
90	2.0	-25.0
95	1.0	-25.0
100	0.0	-23.3 	
105	0.0	-21.6
110	0.0	-20.0 
115	0.0	-18.4 	
120	0.0	-16.7	
125	0.0	-15.0	
125	-5.0	-15.0
130	-5.0	-16.65	
135	-5.0	-18.3
140	-5.0	-19.95
145	-5.0	-21.6	
150	-4.1	-23.25	
155	-3.2	-25.0	
160	-2.3	-25.0	
165	-1.4	-25.0	
170	-0.5	-25.0	
175	0.5	-25.0	
180	1.4	-25.0	
185	2.3	-25.0
190	3.2	-25.0	
195	4.1	-25.0	
200	5.0	-26.65	
205	4.0	-28.3	
210	3.0	-29.95	
215	2.0	-31.6	
220	1.0	-33.25	
225	0.0	-35.0	
230	0.0	-33.35	
235	0.0	-31.70	
240	0.0	-30.05	
245	0.0	-28.4	
250	0.0	-26.75	
255     0.0	-25.0
255	5.0	-25.0	
260	5.0	-25.0
265	5.0	-25.0
270	5.0	-25.0
275	5.0	-25.0
280	4.0	-23.35
285	3.0	-21.7
290	2.0	-20.05
295	1.0	-18.4	
300	0.0	-16.75
305	0.0	-15.0
310	0.0	-15.0
315	0.0	-15.0
320	0.0	-15.0
325	0.0	-15.0
330	0.0	-15.0
335	0.0	-15.0
