0	0.0	-25
5	0.0	-25
10	0.0	-25
15	0.0	-25
20	0.0	-25
25	0.0	-25
30	0.0	-25
35	0.0	-25
40	0.0	-25
45	0.0	-25
50	0.0	-25
55	1.0	-25
60	2.0	-25
65	3.0	-25
70	4.0	-25
75	5.0	-25
80	4.0	-25
85	3.0	-25
90	2.0	-25 
95	1.0	-25
100	0.0	-25
105	0.0	-25
110	0.0	-25
115	0.0	-25
120	0.0	-25
125	0.0	-25
125	-5.0	-25
130	-5.0	-25
135	-5.0	-25
140	-5.0	-25
145	-5.0	-25 
150	-4.1	-25
155	-3.2	-25
160	-2.3	-25
165	-1.4	-25
170	-0.5	-25
175	0.5	-25
180	1.4	-25
185	2.3	-25
190	3.2	-25
195	4.1	-25
200	5.0	-25
205	4.0	-25
210	3.0	-25
215	2.0	-25
220	1.0	-25
225	0.0	-25
230	0.0	-25
235	0.0	-25
240	0.0	-25
245	0.0	-25
250	0.0	-25
255	0.0	-25
255	5.0	-25
260	5.0	-25
265	5.0	-25
270	5.0	-25
275	5.0	-25
280	4.0	-25
285	3.0	-25
290	2.0	-25
295	1.0	-25
300	0.0	-25
305	0.0	-25
310	0.0	-25
315	0.0	-25
320	0.0	-25
325	0.0	-25
330	0.0	-25
335	0.0	-25
340	0.0	-25
345	0.0	-25
350	0.0	-25
