0.000000 0.000000 -24.627337 -24.619537 
5.000000 0.000000 -24.789389 -24.778889 
10.000000 0.000000 -24.627335 -24.619535 
15.000000 0.000000 -24.701044 -24.699213 
20.000000 0.000000 -24.627335 -24.619535 
25.000000 0.000000 -24.701044 -24.699213 
30.000000 0.000000 -24.627338 -24.619539 
35.000000 0.000000 -24.980980 -24.699215 
40.000000 0.000000 -25.672770 -25.416286 
45.000000 0.000000 -24.701046 -24.699215 
50.000000 0.000000 -24.619825 -24.619535 
55.000000 1.000000 -24.669228 -24.655312 
60.000000 2.000000 -24.531757 -24.531738 
65.000000 3.000000 -24.567585 -24.567503 
70.000000 4.000000 -24.617350 -24.603283 
75.000000 5.000000 -24.483614 -24.479710 
80.000000 4.000000 -24.606031 -24.603279 
85.000000 3.000000 -24.570902 -24.567509 
90.000000 2.000000 -24.537066 -24.531736 
95.000000 1.000000 -24.657625 -24.655310 
100.000000 0.000000 -24.627333 -24.619534 
105.000000 0.000000 -24.701046 -24.699215 
110.000000 0.000000 -24.627335 -24.619535 
115.000000 0.000000 -24.701044 -24.699213 
120.000000 0.000000 -24.627338 -24.619539 
125.000000 -5.000000 -24.760834 -24.759369 
130.000000 -5.000000 -24.680517 -24.679697 
135.000000 -5.000000 -24.760838 -24.759373 
140.000000 -5.000000 -24.680510 -24.679689 
145.000000 -5.000000 -25.123251 -24.759373 
150.000000 -4.100000 -23.791444 -23.779697 
155.000000 -3.200000 -23.927837 -23.915469 
160.000000 -2.300000 -24.052665 -24.051242 
165.000000 -1.400000 -24.055813 -24.027663 
170.000000 -0.500000 -24.337009 -24.322788 
175.000000 0.500000 -24.538649 -24.517914 
180.000000 1.400000 -24.820873 -24.733358 
185.000000 2.300000 -25.111200 -25.108159 
190.000000 3.200000 -25.166589 -25.164250 
195.000000 4.100000 -25.250128 -25.220355 
200.000000 5.000000 -25.441032 -25.435802 
205.000000 4.000000 -25.322105 -25.320354 
210.000000 3.000000 -25.366594 -25.364256 
215.000000 2.000000 -25.414545 -25.408154 
220.000000 1.000000 -25.294336 -25.292707 
225.000000 0.000000 -25.337133 -25.336607 
230.000000 0.000000 -25.337133 -25.336607 
235.000000 0.000000 -25.337137 -25.336611 
240.000000 0.000000 -25.337137 -25.336611 
245.000000 0.000000 -25.337133 -25.336607 
250.000000 0.000000 -25.338842 -25.336607 
255.000000 5.000000 -25.435873 -25.435806 
260.000000 5.000000 -25.435873 -25.435806 
265.000000 5.000000 -25.435875 -25.435808 
270.000000 5.000000 -25.435869 -25.435802 
275.000000 5.000000 -25.441036 -25.435806 
280.000000 4.000000 -25.322105 -25.320354 
285.000000 3.000000 -25.366594 -25.364256 
290.000000 2.000000 -25.414549 -25.408157 
295.000000 1.000000 -25.294336 -25.292707 
300.000000 0.000000 -25.337133 -25.336607 
305.000000 0.000000 -25.337133 -25.336607 
310.000000 0.000000 -25.337137 -25.336611 
315.000000 0.000000 -25.337137 -25.336611 
320.000000 0.000000 -25.337133 -25.336607 
325.000000 0.000000 -25.337137 -25.336611 
330.000000 0.000000 -25.337137 -25.336611 
335.000000 0.000000 -25.337133 -25.336607 
340.000000 0.000000 -25.337133 -25.336607 
345.000000 0.000000 -25.337137 -25.336611 
