25.000000 0.000000 -15.535560 -15.528393 
30.000000 0.000000 -15.373366 -15.368937 
35.000000 0.000000 -15.517039 -15.448666 
40.000000 0.000000 -15.927201 -15.927034 
45.000000 0.000000 -16.044905 -15.927032 
50.000000 0.000000 -17.232096 -16.564861 
55.000000 0.000000 -22.601507 -17.920240 
60.000000 0.000000 -25.506233 -20.949911 
65.000000 0.000000 -24.962765 -23.899851 
70.000000 0.000000 -25.421432 -25.414690 
75.000000 0.000000 -25.370205 -25.334961 
80.000000 0.000000 -25.874920 -25.653872 
85.000000 0.000000 -25.095091 -25.016047 
90.000000 0.000000 -25.227835 -24.617407 
95.000000 0.000000 -24.842506 -23.580938 
100.000000 0.000000 -22.858011 -21.986378 
105.000000 0.000000 -21.314030 -20.551264 
110.000000 0.000000 -20.186317 -19.275612 
115.000000 0.000000 -18.063745 -17.760780 
120.000000 0.000000 -16.773178 -16.724312 
125.000000 0.000000 -16.379766 -16.325676 
130.000000 0.000000 -17.637770 -16.883774 
135.000000 0.000000 -19.143568 -18.318876 
140.000000 0.000000 -20.547379 -19.674257 
145.000000 0.000000 -21.756277 -21.109367 
150.000000 0.000000 -23.253721 -22.305292 
155.000000 0.000000 -25.007704 -23.660666 
160.000000 0.000000 -25.176115 -25.175503 
165.000000 0.000000 -25.266214 -25.255226 
170.000000 0.000000 -25.036701 -25.016043 
175.000000 0.000000 -25.176115 -25.175503 
180.000000 0.000000 -25.202991 -25.175503 
185.000000 0.000000 -25.464277 -25.414688 
190.000000 0.000000 -25.095957 -25.095774 
195.000000 0.000000 -25.270031 -25.175505 
200.000000 0.000000 -26.775366 -25.574144 
205.000000 0.000000 -28.755905 -27.088982 
210.000000 0.000000 -30.095804 -28.683542 
215.000000 0.000000 -31.477398 -30.278103 
220.000000 0.000000 -33.694008 -31.713217 
225.000000 0.000000 -35.650845 -33.467232 
230.000000 0.000000 -33.167179 -31.713211 
235.000000 0.000000 -31.569010 -30.198378 
240.000000 0.000000 -30.740656 -28.683538 
245.000000 0.000000 -27.640959 -26.929520 
250.000000 0.000000 -25.906443 -25.813324 
255.000000 0.000000 -25.343693 -25.334959 
260.000000 0.000000 -25.266220 -25.255232 
265.000000 0.000000 -25.589148 -25.095779 
270.000000 0.000000 -24.388674 -24.059307 
275.000000 0.000000 -24.254913 -23.182301 
280.000000 0.000000 -23.026049 -21.667463 
285.000000 0.000000 -21.009697 -20.072899 
290.000000 0.000000 -19.057716 -18.478334 
295.000000 0.000000 -17.696688 -17.282412 
300.000000 0.000000 -16.549223 -16.325672 
305.000000 0.000000 -15.598598 -15.528393 
310.000000 0.000000 -15.154842 -15.129752 
315.000000 0.000000 -14.733568 -14.731113 
320.000000 0.000000 -14.577956 -14.571656 
