20.000000 0.000000 -15.198796 -15.176399 
25.000000 0.000000 -15.063940 -14.936769 
30.000000 0.000000 -15.503844 -15.495903 
35.000000 0.000000 -15.832123 -15.735532 
40.000000 0.000000 -16.260485 -16.214787 
45.000000 0.000000 -17.888067 -16.454414 
50.000000 0.000000 -20.520998 -18.291559 
55.000000 1.000000 -20.720816 -20.566465 
60.000000 2.000000 -21.383135 -21.163979 
65.000000 3.000000 -22.005478 -21.841368 
70.000000 4.000000 -22.478128 -22.438887 
75.000000 5.000000 -23.959307 -22.796774 
80.000000 4.000000 -24.196835 -24.196152 
85.000000 3.000000 -24.158224 -24.157766 
90.000000 2.000000 -24.587675 -24.119385 
95.000000 1.000000 -23.753942 -23.282244 
100.000000 0.000000 -23.110729 -22.365219 
105.000000 0.000000 -22.364378 -21.167086 
110.000000 0.000000 -20.720125 -19.569567 
115.000000 0.000000 -18.001524 -17.972054 
120.000000 0.000000 -17.630928 -17.572674 
125.000000 -5.000000 -17.195104 -17.141120 
130.000000 -5.000000 -17.970885 -17.460620 
135.000000 -5.000000 -19.306766 -18.978258 
140.000000 -5.000000 -20.931979 -20.016646 
145.000000 -5.000000 -21.731997 -21.534285 
150.000000 -4.100000 -22.536813 -22.391559 
155.000000 -3.200000 -23.385923 -23.009198 
160.000000 -2.300000 -24.260144 -23.946336 
165.000000 -1.400000 -24.964224 -24.723732 
170.000000 -0.500000 -25.435694 -25.341372 
175.000000 0.500000 -24.939198 -24.900499 
180.000000 1.400000 -25.239196 -25.118765 
185.000000 2.300000 -25.725242 -25.656526 
190.000000 3.200000 -26.255280 -25.954665 
195.000000 4.100000 -27.678465 -26.652178 
200.000000 5.000000 -28.281158 -27.908821 
205.000000 4.000000 -29.783840 -28.589321 
210.000000 3.000000 -31.880997 -29.908825 
215.000000 2.000000 -31.847218 -31.547832 
220.000000 1.000000 -31.210098 -30.950317 
225.000000 0.000000 -30.354849 -30.352798 
230.000000 0.000000 -30.435753 -30.432676 
235.000000 0.000000 -30.955063 -30.432673 
240.000000 0.000000 -30.068956 -29.554039 
245.000000 0.000000 -29.605249 -28.595531 
250.000000 0.000000 -27.868435 -27.237640 
255.000000 5.000000 -26.206547 -26.151562 
260.000000 5.000000 -26.758091 -25.911930 
265.000000 5.000000 -25.027843 -24.713791 
270.000000 5.000000 -23.990498 -23.915033 
275.000000 5.000000 -24.340891 -23.595533 
280.000000 4.000000 -22.905699 -22.518764 
285.000000 3.000000 -23.620779 -21.601749 
290.000000 2.000000 -20.692938 -19.726213 
295.000000 1.000000 -18.750624 -18.409821 
300.000000 0.000000 -17.916748 -17.572672 
305.000000 0.000000 -17.172493 -16.534288 
310.000000 0.000000 -15.177424 -15.176399 
315.000000 0.000000 -15.198798 -15.176401 
320.000000 0.000000 -15.016664 -15.016654 
325.000000 0.000000 -15.016659 -15.016649 
