            .0    0.   
       25000.0    0.	
             1    -99999
            .0    2567.0
         363.2    2605.8
        1113.1    2671.4
        1802.0    2706.2
        2674.5    2724.7
        3630.6    2739.2
        4629.7    2726.9
        5543.8    2686.2
        6456.7    2617.0
        6884.8    2579.3
        7756.6    2474.9
        8346.2    2364.8
        9038.2    2208.2
        9656.5    2044.8
       10001.5    1936.2
       10409.7    1790.2
       10550.3    1732.2
       10796.4    1619.6
       11069.2    1491.1
       11383.4    1364.8
       11749.7    1266.4
       12104.3    1220.4
       12251.5    1214.7
       12408.8    1218.1
       12579.6    1235.0
       12945.3    1326.6
       13278.9    1474.8
       13618.3    1675.2
       13906.1    1867.7
       14185.2    2061.4
       14499.9    2273.4
       14890.2    2514.8
       15174.2    2670.1
       15430.4    2788.5
       15584.1    2845.9
       15846.8    2918.1
       16513.2    3015.9
       17200.0    3079.1
       17933.0    3119.0
       18492.7    3114.8
       19135.4    3089.7
       19741.6    3068.5
       20391.2    3036.2
       20929.6    2987.1
       21650.3    2890.7
       22221.5    2823.9
       22760.0    2767.7
       23441.6    2688.0
       23811.9    2649.8
       25000.0    2638.1
        1      -99999  
 
            .0    4487.7
         246.1    4491.5
        1121.2    4488.4
        1931.6    4459.6
        2916.3    4416.8
        3695.9    4363.6
        4404.1    4295.7
        5106.2    4216.4
        5703.2    4125.6
        6306.6    4012.2
        7233.9    3781.1
        7967.3    3562.5
        8613.6    3321.5
        9113.0    3030.5
        9753.5    2520.5
       10281.7    2064.7
       10476.1    1904.2
       10705.2    1731.9
       10911.0    1598.0
       11224.4    1439.2
       11573.3    1325.7
       11909.9    1266.4
       12251.5    1247.4
       12579.6    1270.4
       12945.3    1361.1
       13278.9    1507.0
       13618.3    1705.8
       13906.1    1897.3
       14185.2    2089.9
       14499.9    2299.9
       14890.2    2539.6
       15293.3    2762.2
       15584.1    2904.6
       16223.4    3166.7
       16869.1    3396.6
       17411.1    3559.4
       17935.1    3687.1
       18471.1    3789.6
       19018.1    3882.8
       19617.9    3955.5
       20296.5    4006.2
       20989.0    4051.4
       21586.4    4068.1
       22344.0    4065.9
       22924.7    4070.0
       23441.0    4073.0
       23847.1    4077.5
       25000.0    4090.1
        1      -99999  
 
            .0    6625.3
         314.1    6591.2
         697.8    6550.2
        1169.3    6508.3
        1604.2    6473.1
        2022.4    6434.4
        2522.9    6374.7
        3168.0    6302.2
        3930.0    6233.1
        4659.4    6173.0
        5441.2    6100.0
        6207.5    6041.6
        6844.6    5948.3
        7524.2    5809.9
        7827.1    5739.3
        8385.5    5600.8
        9007.8    5452.2
        9789.2    5272.1
       10459.6    5148.8
       10962.8    5063.8
       11530.3    4973.9
       11863.3    4915.5
       12361.0    4835.7
       12555.3    4812.9
       12806.4    4800.6
       13057.3    4831.6
       13247.7    4909.2
       13489.1    5096.3
       13930.2    5622.1
       14164.7    5854.9
       15277.2    6025.2
       16471.5    6017.1
       17529.2    6056.0
       18516.1    6086.2
       19556.7    6115.2
       20479.7    6136.5
       21461.9    6136.8
       21988.7    6135.6
       22592.0    6123.3
       23295.5    6108.9
       23795.2    6108.1
       25000.0    6119.9
        1      -99999  
 
            .0    9446.6
         651.0    9307.6
        1320.3    9182.7
        2223.7    9025.9
        3010.1    8860.6
        3859.0    8664.3
        4094.2    8660.8
        4373.6    8738.2
        4675.5    8911.5
        4862.0    9021.0
        5204.0    9149.7
        5918.3    9108.2
        6541.4    8956.7
        7232.6    8787.5
        7647.4    8822.9
        7959.1    8970.7
        8310.0    9149.3
        8599.6    9210.7
        9098.7    9150.2
        9697.2    8974.7
       10248.6    8792.8
       10723.2    8700.8
       11051.6    8770.3
       11478.0    9056.6
       11679.2    9183.6
       12226.1    9292.4
       12741.7    9177.7
       12951.0    9109.2
       13329.6    8968.7
       13849.2    8761.6
       14334.9    8686.0
       14595.7    8767.5
       14926.9    8959.4
       15195.4    9083.4
       15644.0    9102.8
       15875.7    9046.3
       16417.1    8861.5
       16855.5    8711.3
       17339.7    8620.6
       17623.3    8680.5
       17901.2    8842.3
       18163.8    9015.6
       18500.9    9147.0
       19240.1    9068.1
       20105.2    8847.5
       21129.7    8598.1
       22165.3    8382.0
       23005.8    8231.7
       23574.4    8107.2
       25000.0    8036.2
        1      -99999  
 
          16.3   11266.4
       23844.2   11314.8
       25000.0   11320.0
        1      -99999  
 
