1             0.                       :reference station number and x-coord.
100.          0.                       :station spacing and receiver depth
121   130   131   220        121. 0.   :shot 1 - r1 r2 r3 r4 s sdepth
122   131   132   221        122. 0.
123   132   133   222        123. 0.
124   133   134   223        124. 0.
125   134   135   224        125. 0.
126   135   136   225        126. 0.
127   136   137   226        127. 0.
128   137   138   227        128. 0.
129   138   139   228        129. 0.
130   139   140   229        130. 0.
131   140   141   230        131. 0.
132   141   142   231        132. 0.
133   142   143   232        133. 0.
134   143   144   233        134. 0.
135   144   145   234        135. 0.
136   145   146   235        136. 0.
137   146   147   236        137. 0.
138   147   148   237        138. 0.
139   148   149   238        139. 0.
140   149   150   239        140. 0.
