1             0.                       :reference station number and x-coord.
100.          0.                       :station spacing and receiver depth
181   190   191   280        181. 0.   :shot 1 - r1 r2 r3 r4 s sdepth
182   191   192   281        182. 0.
183   192   193   282        183. 0.
184   193   194   283        184. 0.
185   194   195   284        185. 0.
186   195   196   285        186. 0.
187   196   197   286        187. 0.
188   197   198   287        188. 0.
189   198   199   288        189. 0.
190   199   200   289        190. 0.
191   200   201   290        191. 0.
192   201   202   291        192. 0.
193   202   203   292        193. 0.
194   203   204   293        194. 0.
195   204   205   294        195. 0.
196   205   206   295        196. 0.
197   206   207   296        197. 0.
198   207   208   297        198. 0.
199   208   209   298        199. 0.
200   209   210   299        200. 0.
