1             0.                       :reference station number and x-coord.
100.          0.                       :station spacing and receiver depth
161   170   171   260        161. 0.   :shot 1 - r1 r2 r3 r4 s sdepth
162   171   172   261        162. 0.
163   172   173   262        163. 0.
164   173   174   263        164. 0.
165   174   175   264        165. 0.
166   175   176   265        166. 0.
167   176   177   266        167. 0.
168   177   178   267        168. 0.
169   178   179   268        169. 0.
170   179   180   269        170. 0.
171   180   181   270        171. 0.
172   181   182   271        172. 0.
173   182   183   272        173. 0.
174   183   184   273        174. 0.
175   184   185   274        175. 0.
176   185   186   275        176. 0.
177   186   187   276        177. 0.
178   187   188   277        178. 0.
179   188   189   278        179. 0.
180   189   190   279        180. 0.
