1             0.                       :reference station number and x-coord.
100.          0.                       :station spacing and receiver depth
141   150   151   240        141. 0.   :shot 1 - r1 r2 r3 r4 s sdepth
142   151   152   241        142. 0.
143   152   153   242        143. 0.
144   153   154   243        144. 0.
145   154   155   244        145. 0.
146   155   156   245        146. 0.
147   156   157   246        147. 0.
148   157   158   247        148. 0.
149   158   159   248        149. 0.
150   159   160   249        150. 0.
151   160   161   250        151. 0.
152   161   162   251        152. 0.
153   162   163   252        153. 0.
154   163   164   253        154. 0.
155   164   165   254        155. 0.
156   165   166   255        156. 0.
157   166   167   256        157. 0.
158   167   168   257        158. 0.
159   168   169   258        159. 0.
160   169   170   259        160. 0.
