1             0.                       :reference station number and x-coord.
100.          0.                       :station spacing and receiver depth
101   110   111   200        101. 0.   :shot 1 - r1 r2 r3 r4 s sdepth
102   111   112   201        102. 0.
103   112   113   202        103. 0.
104   113   114   203        104. 0.
105   114   115   204        105. 0.
106   115   116   205        106. 0.
107   116   117   206        107. 0.
108   117   118   207        108. 0.
109   118   119   208        109. 0.
110   119   120   209        110. 0.
111   120   121   210        111. 0.
112   121   122   211        112. 0.
113   122   123   212        113. 0.
114   123   124   213        114. 0.
115   124   125   214        115. 0.
116   125   126   215        116. 0.
117   126   127   216        117. 0.
118   127   128   217        118. 0.
119   128   129   218        119. 0.
120   129   130   219        120. 0.
