 -100.           0.               upper surface
32800.           0.               ...
    1.      -99999.               end of upper surface
 -100.       95.
    0.       100.
  100.       104.
  200.       108.
  300.       112.
  400.       116.
  500.       120.
  600.       123.
  700.       126.
  800.       129.
  900.       132.
 1000.       134.
 1100.       136.
 1200.       138.
 1300.       139.
 1400.       139.
 1500.       139.
 1600.       139.
 1700.       139.
 1800.       138.
 1900.       136.
 2000.       134.
 2100.       132.
 2200.       129.
 2300.       126.
 2400.       123.
 2500.       119.
 2600.       116.
 2700.       112.
 2800.       108.
 2900.       104.
 3000.        99.
 3100.        95.
 3200.        91.
 3300.        87.
 3400.        83.
 3500.        79.
 3600.        76.
 3700.        73.
 3800.        70.
 3900.        67.
 4000.        65.
 4100.        63.
 4200.        61.
 4300.        60.
 4400.        60.
 4500.        60.
 4600.        60.
 4700.        60.
 4800.        61.
 4900.        63.
 5000.        65.
 5100.        67.
 5200.        70.
 5300.        73.
 5400.        76.
 5500.        80.
 5600.        83.
 5700.        87.
 5800.        91.
 5900.        95.
 6000.       100.
 6100.       104.
 6200.       108.
 6300.       112.
 6400.       116.
 6500.       120.
 6600.       123.
 6700.       126.
 6800.       129.
 6900.       132.
 7000.       134.
 7100.       136.
 7200.       138.
 7300.       139.
 7400.       139.
 7500.       139.
 7600.       139.
 7700.       139.
 7800.       138.
 7900.       136.
 8000.       134.
 8100.       132.
 8200.       129.
 8300.       126.
 8400.       123.
 8500.       119.
 8600.       116.
 8700.       112.
 8800.       108.
 8900.       104.
 9000.        99.
 9100.        95.
 9200.        91.
 9300.        87.
 9400.        83.
 9500.        79.
 9600.        76.
 9700.        73.
 9800.        70.
 9900.        67.
10000.        65.
10100.        63.
10200.        61.
10300.        60.
10400.        60.
10500.        60.
10600.        60.
10700.        60.
10800.        61.
10900.        63.
11000.        65.
11100.        67.
11200.        70.
11300.        73.
11400.        76.
11500.        80.
11600.        83.
11700.        87.
11800.        91.
11900.        95.
12000.       100.
12100.       104.
12200.       108.
12300.       112.
12400.       116.
12500.       120.
12600.       123.
12700.       126.
12800.       129.
12900.       132.
13000.       134.
13100.       136.
13200.       138.
13300.       139.
13400.       139.
13500.       139.
13600.       139.
13700.       139.
13800.       138.
13900.       136.
14000.       134.
14100.       132.
14200.       129.
14300.       126.
14400.       123.
14500.       119.
14600.       116.
14700.       112.
14800.       108.
14900.       104.
15000.        99.
15100.        95.
15200.        91.
15300.        87.
15400.        83.
15500.        79.
15600.        76.
15700.        73.
15800.        70.
15900.        67.
16000.        65.
16100.        63.
16200.        61.
16300.        60.
16400.        60.
16500.        60.
16600.        60.
16700.        60.
16800.        61.
16900.        63.
17000.        65.
17100.        67.
17200.        70.
17300.        73.
17400.        76.
17500.        80.
17600.        83.
17700.        87.
17800.        91.
17900.        95.
18000.       100.
18100.       104.
18200.       108.
18300.       112.
18400.       116.
18500.       120.
18600.       123.
18700.       126.
18800.       129.
18900.       132.
19000.       134.
19100.       136.
19200.       138.
19300.       139.
19400.       139.
19500.       139.
19600.       139.
19700.       139.
19800.       138.
19900.       136.
20000.       134.
20100.       132.
20200.       129.
20300.       126.
20400.       123.
20500.       119.
20600.       116.
20700.       112.
20800.       108.
20900.       104.
21000.        99.
21100.        95.
21200.        91.
21300.        87.
21400.        83.
21500.        79.
21600.        76.
21700.        73.
21800.        70.
21900.        67.
22000.        65.
22100.        63.
22200.        61.
22300.        60.
22400.        60.
22500.        60.
22600.        60.
22700.        60.
22800.        61.
22900.        63.
23000.        65.
23100.        67.
23200.        70.
23300.        73.
23400.        76.
23500.        80.
23600.        83.
23700.        87.
23800.        91.
23900.        95.
24000.       100.
24100.       104.
24200.       108.
24300.       112.
24400.       116.
24500.       120.
24600.       123.
24700.       126.
24800.       129.
24900.       132.
25000.       134.
25100.       136.
25200.       138.
25300.       139.
25400.       139.
25500.       139.
25600.       139.
25700.       139.
25800.       138.
25900.       136.
26000.       134.
26100.       132.
26200.       129.
26300.       126.
26400.       123.
26500.       119.
26600.       116.
26700.       112.
26800.       108.
26900.       104.
27000.        99.
27100.        95.
27200.        91.
27300.        87.
27400.        83.
27500.        79.
27600.        76.
27700.        73.
27800.        70.
27900.        67.
28000.        65.
28100.        63.
28200.        61.
28300.        60.
28400.        60.
28500.        60.
28600.        60.
28700.        60.
28800.        61.
28900.        63.
29000.        65.
29100.        67.
29200.        70.
29300.        73.
29400.        76.
29500.        80.
29600.        83.
29700.        87.
29800.        91.
29900.        95.
30000.       100.
30100.       104.
30200.       108.
30300.       112.
30400.       116.
30500.       120.
30600.       123.
30700.       126.
30800.       129.
30900.       132.
31000.       134.
31100.       136.
31200.       138.
31300.       139.
31400.       139.
31500.       139.
31600.       139.
31700.       139.
31800.       138.
31900.       136.
32000.       134.
32100.       132.
32200.       129.
32300.       126.
32400.       123.
32500.       119.
32600.       116.
32700.       112.
32800.       108.
    1.      -99999.               end of interface 1
 -100.        3000.               interface 2
32800.        3000.               ...
    1.      -99999.               end of interface 2
 -100.        5000.               interface 3
32800.        5000.               ...
    1.      -99999.               end of interface 3
 -100.        7000.               interface 4
32800.        7000.               ...
    1.      -99999.               end of interface 4
