0.050597 2.386775 2.253969 1000.000000 1.925085 1000.000000
0.072847 2.386775 2.411930 1000.000000 1.925085 1000.000000
0.031394 2.218804 2.603142 1000.000000 1.925085 1000.000000
0.165506 2.218804 2.715502 1000.000000 1.925085 1000.000000
0.002743 2.218804 2.828314 1000.000000 1.925085 1000.000000
0.002134 2.344686 2.983469 1000.000000 1.925085 1000.000000
0.002438 2.344686 3.158485 1000.000000 1.925085 1000.000000
0.002134 2.344686 3.304945 1000.000000 1.925085 1000.000000
0.015850 2.344686 3.501042 1000.000000 1.925085 1000.000000
0.002134 2.344686 3.132752 1000.000000 1.925085 1000.000000
0.003353 2.344686 3.013413 1000.000000 1.925085 1000.000000
0.012192 2.344686 2.493610 1000.000000 1.925085 1000.000000
0.014326 2.344686 2.649240 1000.000000 1.925085 1000.000000
0.007010 2.344686 2.833755 1000.000000 1.925085 1000.000000
0.003048 2.344686 2.970172 1000.000000 1.925085 1000.000000
0.002743 2.344686 3.122318 1000.000000 1.925085 1000.000000
0.017374 2.344686 3.357167 1000.000000 1.925085 1000.000000
0.002438 2.344686 3.043185 1000.000000 1.925085 1000.000000
0.018898 2.344686 2.860931 1000.000000 1.925085 1000.000000
0.003962 2.344686 2.750681 1000.000000 1.925085 1000.000000
0.033528 2.344686 2.592200 1000.000000 1.925085 1000.000000
0.000305 2.344686 2.905450 1000.000000 1.925085 1000.000000
0.014935 2.344686 3.314491 1000.000000 1.925085 1000.000000
0.003658 2.470100 3.482133 1000.000000 1.925085 1000.000000
0.028346 2.470100 3.635993 1000.000000 1.925085 1000.000000
0.019202 2.470100 3.419049 1000.000000 1.925085 1000.000000
0.001524 2.470100 3.171799 1000.000000 1.925085 1000.000000
0.012802 2.470100 2.979844 1000.000000 1.925085 1000.000000
0.018593 2.470100 2.833532 1000.000000 1.925085 1000.000000
0.000305 2.470100 3.068618 1000.000000 1.925085 1000.000000
0.000914 2.470100 3.255541 1000.000000 1.925085 1000.000000
0.008839 2.470100 3.703516 1000.000000 1.925085 1000.000000
0.021336 2.342119 3.395710 1000.000000 1.925085 1000.000000
0.000914 2.342119 3.225219 1000.000000 1.925085 1000.000000
0.018288 2.342119 3.019108 1000.000000 1.925085 1000.000000
0.004572 2.179307 2.915264 1000.000000 1.925085 1000.000000
0.007620 2.016572 2.767623 1000.000000 1.925085 1000.000000
0.031090 2.191020 2.945167 1000.000000 1.925085 1000.000000
0.019812 2.191020 3.208665 1000.000000 1.925085 1000.000000
0.000914 2.333767 3.544615 1000.000000 1.925085 1000.000000
0.000914 2.333767 3.771936 1000.000000 1.925085 1000.000000
0.000610 2.452250 4.020859 1000.000000 1.925085 1000.000000
0.000305 2.452250 4.201420 1000.000000 1.925085 1000.000000
0.009449 2.712590 4.534686 1000.000000 1.793099 1000.000000
0.006096 2.712590 4.167804 1000.000000 1.685682 1000.000000
0.003962 2.564408 3.822116 1000.000000 1.685682 1000.000000
0.020117 2.564408 3.622078 1000.000000 1.819289 1000.000000
0.012497 2.564408 3.965252 1000.000000 2.070647 1000.000000
0.002438 2.564408 4.117505 1000.000000 1.295646 1000.000000
0.000914 2.564408 4.426413 1000.000000 1.295646 1000.000000
0.006706 2.564408 4.545063 1000.000000 1.370114 1000.000000
0.000305 2.564408 4.224163 1000.000000 1.490493 1000.000000
0.000610 2.376000 3.770236 1000.000000 1.490493 1000.000000
0.006096 2.376000 3.542802 1000.000000 1.680115 1000.000000
0.002438 2.517750 3.867119 1000.000000 2.106025 1000.000000
0.040234 2.517750 3.880132 1000.000000 2.106025 1000.000000
0.001829 2.517750 4.175492 1000.000000 3.341695 1000.000000
0.002134 2.517750 4.484852 1000.000000 3.079243 1000.000000
0.000305 2.517750 4.737053 1000.000000 2.729283 1000.000000
0.001829 2.517750 5.847776 1000.000000 2.729283 1000.000000
0.007925 2.694523 5.984717 1000.000000 2.729283 1000.000000
0.000305 2.453600 4.373812 1000.000000 2.729283 1000.000000
0.000305 2.453600 4.142537 1000.000000 2.729283 1000.000000
0.005791 2.453600 3.886916 1000.000000 2.870705 1000.000000
0.000305 2.453600 4.163758 1000.000000 3.059319 1000.000000
0.000305 2.821300 4.636842 1000.000000 3.059319 1000.000000
0.005791 2.821300 5.897724 1000.000000 3.059319 1000.000000
0.001219 2.481975 4.048396 1000.000000 2.375212 1000.000000
0.001829 2.481975 3.727015 1000.000000 2.113778 1000.000000
0.008534 2.324850 3.498063 1000.000000 1.870046 1000.000000
0.010058 2.324850 3.386435 1000.000000 1.870046 1000.000000
0.000610 2.485400 3.823442 1000.000000 2.158401 1000.000000
0.011887 2.485400 4.086813 1000.000000 2.330224 1000.000000
0.014630 2.485400 4.237010 1000.000000 2.330224 1000.000000
0.001524 2.629900 4.439508 1000.000000 2.497727 1000.000000
0.000610 2.629900 4.697133 1000.000000 2.648175 1000.000000
0.000305 2.629900 5.507392 1000.000000 3.014023 1000.000000
0.010058 2.944267 5.943913 1000.000000 3.014023 1000.000000
0.000610 2.688950 4.847113 1000.000000 2.695992 1000.000000
0.002438 2.688950 4.411148 1000.000000 2.522337 1000.000000
0.000914 2.688950 4.225080 1000.000000 2.368263 1000.000000
0.002438 2.535825 3.968810 1000.000000 2.194694 1000.000000
0.002743 2.535825 3.808100 1000.000000 2.000674 1000.000000
0.003048 2.535825 3.541740 1000.000000 1.757913 1000.000000
0.016459 2.535825 3.378921 1000.000000 1.864589 1000.000000
0.000610 2.535825 3.810371 1000.000000 2.081891 1000.000000
0.009449 2.535825 4.271307 1000.000000 2.398238 1000.000000
0.011582 2.535825 4.416706 1000.000000 2.398238 1000.000000
0.043586 2.535825 4.155606 1000.000000 2.398238 1000.000000
0.006096 2.670375 4.600102 1000.000000 2.398238 1000.000000
0.022555 2.670375 4.695697 1000.000000 2.398238 1000.000000
0.048158 2.670375 4.341668 1000.000000 2.398238 1000.000000
0.011887 2.534013 4.125327 1000.000000 2.191518 1000.000000
0.024384 2.534013 4.382310 1000.000000 2.373893 1000.000000
0.000610 2.534013 4.820756 1000.000000 2.893070 1000.000000
0.000610 2.534013 5.053679 1000.000000 2.893070 1000.000000
0.006706 2.534013 5.349566 1000.000000 2.893070 1000.000000
0.001829 2.534013 4.941242 1000.000000 2.675367 1000.000000
0.013411 2.534013 4.437581 1000.000000 2.431262 1000.000000
0.004267 2.534013 4.290462 1000.000000 2.431262 1000.000000
0.033833 2.534013 4.180703 1000.000000 2.217852 1000.000000
0.003962 2.534013 4.535340 1000.000000 2.565627 1000.000000
0.012192 2.534013 4.678009 1000.000000 2.565627 1000.000000
0.005486 2.712850 5.019148 1000.000000 2.774920 1000.000000
0.001829 2.712850 4.497164 1000.000000 2.490016 1000.000000
0.008230 2.712850 4.357635 1000.000000 2.490016 1000.000000
0.000610 2.712850 4.855556 1000.000000 2.787561 1000.000000
0.005791 2.712850 5.141374 1000.000000 2.787561 1000.000000
0.003048 2.712850 4.813383 1000.000000 2.593889 1000.000000
0.007315 2.712850 4.548854 1000.000000 2.593889 1000.000000
0.000610 2.712850 4.885347 1000.000000 2.593889 1000.000000
0.012802 2.712850 5.547482 1000.000000 2.919592 1000.000000
0.036576 2.712850 5.193504 1000.000000 2.919592 1000.000000
0.030785 2.712850 4.919053 1000.000000 2.700791 1000.000000
0.028651 2.712850 5.393023 1000.000000 2.700791 1000.000000
0.005791 2.712850 4.919194 1000.000000 2.700791 1000.000000
0.009754 2.712850 5.341833 1000.000000 2.700791 1000.000000
0.017069 2.712850 4.870512 1000.000000 2.700791 1000.000000
0.016459 2.712850 5.327895 1000.000000 2.842184 1000.000000
0.009449 2.712850 5.623709 1000.000000 2.842184 1000.000000
0.002743 2.712850 5.287137 1000.000000 2.842184 1000.000000
0.000914 2.712850 4.881272 1000.000000 2.633302 1000.000000
0.008839 2.712850 4.627247 1000.000000 2.455850 1000.000000
0.000610 2.712850 5.021801 1000.000000 2.724183 1000.000000
0.001829 2.712850 5.408399 1000.000000 2.724183 1000.000000
0.020422 2.712850 5.553687 1000.000000 2.724183 1000.000000
0.005791 2.712850 5.025856 1000.000000 2.724183 1000.000000
0.001829 2.712850 5.805715 1000.000000 2.972098 1000.000000
0.007925 2.712850 5.884589 1000.000000 2.972098 1000.000000
0.000610 2.712850 5.515964 1000.000000 2.796369 1000.000000
0.040538 2.712850 5.051987 1000.000000 2.504191 1000.000000
0.002743 2.712850 4.718721 1000.000000 2.327551 1000.000000
0.013411 2.712850 4.389110 1000.000000 2.162674 1000.000000
0.001219 2.712850 4.121095 1000.000000 1.859338 1000.000000
0.015240 2.536710 3.938811 1000.000000 1.859338 1000.000000
0.001829 2.536710 4.230731 1000.000000 2.058395 1000.000000
0.002438 2.536710 4.486087 1000.000000 2.058395 1000.000000
0.004572 2.536710 4.783051 1000.000000 2.367904 1000.000000
0.010058 2.536710 4.962782 1000.000000 2.223970 1000.000000
0.001219 2.536710 4.224851 1000.000000 1.749893 1000.000000
0.009144 2.536710 4.019616 1000.000000 1.749893 1000.000000
0.003353 2.536710 4.582871 1000.000000 2.132135 1000.000000
0.018898 2.536710 4.750340 1000.000000 2.282283 1000.000000
0.002743 2.401845 4.328414 1000.000000 1.926737 1000.000000
0.032309 2.401845 3.505112 1000.000000 1.528436 1000.000000
0.003658 2.401845 3.788541 1000.000000 2.221399 1000.000000
0.010058 2.401845 3.912894 1000.000000 2.460107 1000.000000
0.008839 2.401845 4.119038 1000.000000 2.284355 1000.000000
0.011278 2.567095 3.555044 1000.000000 1.588828 1000.000000
0.000305 2.567095 4.552440 1000.000000 2.080265 1000.000000
0.005791 2.567095 4.972917 1000.000000 2.337350 1000.000000
0.001829 2.567095 5.245042 1000.000000 2.624987 1000.000000
0.003048 2.567095 5.626372 1000.000000 2.624987 1000.000000
0.004572 2.567095 5.915335 1000.000000 2.769802 1000.000000
0.000305 2.726800 6.347938 1000.000000 3.077799 1000.000000
