1.000000	1.000000	3.000000	1000.000000	2.000000	1000.000000
0.010000	0.926773	1.726346	1000.000000	1.049951	1000.000000
0.010000	0.988865	1.701529	1000.000000	1.099963	1000.000000
0.010000	1.044502	1.832369	1000.000000	1.076505	1000.000000
0.010000	1.250000	2.003377	1000.000000	1.100092	1000.000000
0.010000	1.087367	2.203377	1000.000000	1.100853	1000.000000
0.010000	0.865304	2.225344	1000.000000	1.064215	1000.000000
0.010000	0.750000	2.374910	1000.000000	1.017769	1000.000000
0.010000	0.824206	2.381304	1000.000000	1.029469	1000.000000
1.000000	1.000000	3.000000	1000.000000	2.000000	1000.000000
