1.000000 1.000000 3.000000 1000.000000 2.000000 1000.000000
0.010000 0.926773 1.571543 1000.000000 0.750000 1000.000000
0.010000 0.988865 1.500000 1000.000000 1.182817 1000.000000
0.010000 1.044502 2.107494 1000.000000 1.217037 1000.000000
0.010000 1.250000 1.627079 1000.000000 1.250000 1000.000000
0.010000 1.087367 2.355731 1000.000000 0.982669 1000.000000
0.010000 0.865304 2.426579 1000.000000 0.867938 1000.000000
0.010000 0.750000 2.500000 1000.000000 1.186622 1000.000000
0.010000 0.824206 2.217332 1000.000000 1.033848 1000.000000
1.000000 1.000000 3.000000 1000.000000 2.000000 1000.000000
