      0.00       0.00
   3145.00       0.00
         1     -99999
      0.00     400.00
   3145.00     400.00
         1     -99999
      0.00     600.00
      5.00     601.79
     10.00     603.59
     15.00     605.38
     20.00     607.16
     25.00     608.94
     30.00     610.71
     35.00     612.47
     40.00     614.22
     45.00     615.96
     50.00     617.69
     55.00     619.39
     60.00     621.08
     65.00     622.75
     70.00     624.40
     75.00     626.03
     80.00     627.64
     85.00     629.22
     90.00     630.77
     95.00     632.30
    100.00     633.80
    105.00     635.27
    110.00     636.70
    115.00     638.11
    120.00     639.48
    125.00     640.81
    130.00     642.11
    135.00     643.37
    140.00     644.59
    145.00     645.77
    150.00     646.91
    155.00     648.01
    160.00     649.06
    165.00     650.07
    170.00     651.04
    175.00     651.96
    180.00     652.84
    185.00     653.66
    190.00     654.44
    195.00     655.17
    200.00     655.85
    205.00     656.48
    210.00     657.06
    215.00     657.59
    220.00     658.07
    225.00     658.50
    230.00     658.87
    235.00     659.19
    240.00     659.46
    245.00     659.67
    250.00     659.83
    255.00     659.94
    260.00     659.99
    265.00     659.99
    270.00     659.94
    275.00     659.83
    280.00     659.67
    285.00     659.46
    290.00     659.19
    295.00     658.87
    300.00     658.50
    305.00     658.07
    310.00     657.59
    315.00     657.06
    320.00     656.48
    325.00     655.85
    330.00     655.17
    335.00     654.44
    340.00     653.66
    345.00     652.84
    350.00     651.96
    355.00     651.04
    360.00     650.07
    365.00     649.06
    370.00     648.01
    375.00     646.91
    380.00     645.77
    385.00     644.59
    390.00     643.37
    395.00     642.11
    400.00     640.81
    405.00     639.48
    410.00     638.11
    415.00     636.70
    420.00     635.27
    425.00     633.80
    430.00     632.30
    435.00     630.77
    440.00     629.22
    445.00     627.64
    450.00     626.03
    455.00     624.40
    460.00     622.75
    465.00     621.08
    470.00     619.39
    475.00     617.69
    480.00     615.96
    485.00     614.22
    490.00     612.47
    495.00     610.71
    500.00     608.94
    505.00     607.16
    510.00     605.38
    515.00     603.59
    520.00     601.79
    525.00     600.00
    530.00     598.21
    535.00     596.41
    540.00     594.62
    545.00     592.84
    550.00     591.06
    555.00     589.29
    560.00     587.53
    565.00     585.78
    570.00     584.04
    575.00     582.31
    580.00     580.61
    585.00     578.92
    590.00     577.25
    595.00     575.60
    600.00     573.97
    605.00     572.36
    610.00     570.78
    615.00     569.23
    620.00     567.70
    625.00     566.20
    630.00     564.73
    635.00     563.30
    640.00     561.89
    645.00     560.52
    650.00     559.19
    655.00     557.89
    660.00     556.63
    665.00     555.41
    670.00     554.23
    675.00     553.09
    680.00     551.99
    685.00     550.94
    690.00     549.93
    695.00     548.96
    700.00     548.04
    705.00     547.16
    710.00     546.34
    715.00     545.56
    720.00     544.83
    725.00     544.15
    730.00     543.52
    735.00     542.94
    740.00     542.41
    745.00     541.93
    750.00     541.50
    755.00     541.13
    760.00     540.81
    765.00     540.54
    770.00     540.33
    775.00     540.17
    780.00     540.06
    785.00     540.01
    790.00     540.01
    795.00     540.06
    800.00     540.17
    805.00     540.33
    810.00     540.54
    815.00     540.81
    820.00     541.13
    825.00     541.50
    830.00     541.93
    835.00     542.41
    840.00     542.94
    845.00     543.52
    850.00     544.15
    855.00     544.83
    860.00     545.56
    865.00     546.34
    870.00     547.16
    875.00     548.04
    880.00     548.96
    885.00     549.93
    890.00     550.94
    895.00     551.99
    900.00     553.09
    905.00     554.23
    910.00     555.41
    915.00     556.63
    920.00     557.89
    925.00     559.19
    930.00     560.52
    935.00     561.89
    940.00     563.30
    945.00     564.73
    950.00     566.20
    955.00     567.70
    960.00     569.23
    965.00     570.78
    970.00     572.36
    975.00     573.97
    980.00     575.60
    985.00     577.25
    990.00     578.92
    995.00     580.61
   1000.00     582.31
   1005.00     584.04
   1010.00     585.78
   1015.00     587.53
   1020.00     589.29
   1025.00     591.06
   1030.00     592.84
   1035.00     594.62
   1040.00     596.41
   1045.00     598.21
   1050.00     600.00
   1055.00     601.79
   1060.00     603.59
   1065.00     605.38
   1070.00     607.16
   1075.00     608.94
   1080.00     610.71
   1085.00     612.47
   1090.00     614.22
   1095.00     615.96
   1100.00     617.69
   1105.00     619.39
   1110.00     621.08
   1115.00     622.75
   1120.00     624.40
   1125.00     626.03
   1130.00     627.64
   1135.00     629.22
   1140.00     630.77
   1145.00     632.30
   1150.00     633.80
   1155.00     635.27
   1160.00     636.70
   1165.00     638.11
   1170.00     639.48
   1175.00     640.81
   1180.00     642.11
   1185.00     643.37
   1190.00     644.59
   1195.00     645.77
   1200.00     646.91
   1205.00     648.01
   1210.00     649.06
   1215.00     650.07
   1220.00     651.04
   1225.00     651.96
   1230.00     652.84
   1235.00     653.66
   1240.00     654.44
   1245.00     655.17
   1250.00     655.85
   1255.00     656.48
   1260.00     657.06
   1265.00     657.59
   1270.00     658.07
   1275.00     658.50
   1280.00     658.87
   1285.00     659.19
   1290.00     659.46
   1295.00     659.67
   1300.00     659.83
   1305.00     659.94
   1310.00     659.99
   1315.00     659.99
   1320.00     659.94
   1325.00     659.83
   1330.00     659.67
   1335.00     659.46
   1340.00     659.19
   1345.00     658.87
   1350.00     658.50
   1355.00     658.07
   1360.00     657.59
   1365.00     657.06
   1370.00     656.48
   1375.00     655.85
   1380.00     655.17
   1385.00     654.44
   1390.00     653.66
   1395.00     652.84
   1400.00     651.96
   1405.00     651.04
   1410.00     650.07
   1415.00     649.06
   1420.00     648.01
   1425.00     646.91
   1430.00     645.77
   1435.00     644.59
   1440.00     643.37
   1445.00     642.11
   1450.00     640.81
   1455.00     639.48
   1460.00     638.11
   1465.00     636.70
   1470.00     635.27
   1475.00     633.80
   1480.00     632.30
   1485.00     630.77
   1490.00     629.22
   1495.00     627.64
   1500.00     626.03
   1505.00     624.40
   1510.00     622.75
   1515.00     621.08
   1520.00     619.39
   1525.00     617.69
   1530.00     615.96
   1535.00     614.22
   1540.00     612.47
   1545.00     610.71
   1550.00     608.94
   1555.00     607.16
   1560.00     605.38
   1565.00     603.59
   1570.00     601.79
   1575.00     600.00
   1580.00     598.21
   1585.00     596.41
   1590.00     594.62
   1595.00     592.84
   1600.00     591.06
   1605.00     589.29
   1610.00     587.53
   1615.00     585.78
   1620.00     584.04
   1625.00     582.31
   1630.00     580.61
   1635.00     578.92
   1640.00     577.25
   1645.00     575.60
   1650.00     573.97
   1655.00     572.36
   1660.00     570.78
   1665.00     569.23
   1670.00     567.70
   1675.00     566.20
   1680.00     564.73
   1685.00     563.30
   1690.00     561.89
   1695.00     560.52
   1700.00     559.19
   1705.00     557.89
   1710.00     556.63
   1715.00     555.41
   1720.00     554.23
   1725.00     553.09
   1730.00     551.99
   1735.00     550.94
   1740.00     549.93
   1745.00     548.96
   1750.00     548.04
   1755.00     547.16
   1760.00     546.34
   1765.00     545.56
   1770.00     544.83
   1775.00     544.15
   1780.00     543.52
   1785.00     542.94
   1790.00     542.41
   1795.00     541.93
   1800.00     541.50
   1805.00     541.13
   1810.00     540.81
   1815.00     540.54
   1820.00     540.33
   1825.00     540.17
   1830.00     540.06
   1835.00     540.01
   1840.00     540.01
   1845.00     540.06
   1850.00     540.17
   1855.00     540.33
   1860.00     540.54
   1865.00     540.81
   1870.00     541.13
   1875.00     541.50
   1880.00     541.93
   1885.00     542.41
   1890.00     542.94
   1895.00     543.52
   1900.00     544.15
   1905.00     544.83
   1910.00     545.56
   1915.00     546.34
   1920.00     547.16
   1925.00     548.04
   1930.00     548.96
   1935.00     549.93
   1940.00     550.94
   1945.00     551.99
   1950.00     553.09
   1955.00     554.23
   1960.00     555.41
   1965.00     556.63
   1970.00     557.89
   1975.00     559.19
   1980.00     560.52
   1985.00     561.89
   1990.00     563.30
   1995.00     564.73
   2000.00     566.20
   2005.00     567.70
   2010.00     569.23
   2015.00     570.78
   2020.00     572.36
   2025.00     573.97
   2030.00     575.60
   2035.00     577.25
   2040.00     578.92
   2045.00     580.61
   2050.00     582.31
   2055.00     584.04
   2060.00     585.78
   2065.00     587.53
   2070.00     589.29
   2075.00     591.06
   2080.00     592.84
   2085.00     594.62
   2090.00     596.41
   2095.00     598.21
   2100.00     600.00
   2105.00     601.79
   2110.00     603.59
   2115.00     605.38
   2120.00     607.16
   2125.00     608.94
   2130.00     610.71
   2135.00     612.47
   2140.00     614.22
   2145.00     615.96
   2150.00     617.69
   2155.00     619.39
   2160.00     621.08
   2165.00     622.75
   2170.00     624.40
   2175.00     626.03
   2180.00     627.64
   2185.00     629.22
   2190.00     630.77
   2195.00     632.30
   2200.00     633.80
   2205.00     635.27
   2210.00     636.70
   2215.00     638.11
   2220.00     639.48
   2225.00     640.81
   2230.00     642.11
   2235.00     643.37
   2240.00     644.59
   2245.00     645.77
   2250.00     646.91
   2255.00     648.01
   2260.00     649.06
   2265.00     650.07
   2270.00     651.04
   2275.00     651.96
   2280.00     652.84
   2285.00     653.66
   2290.00     654.44
   2295.00     655.17
   2300.00     655.85
   2305.00     656.48
   2310.00     657.06
   2315.00     657.59
   2320.00     658.07
   2325.00     658.50
   2330.00     658.87
   2335.00     659.19
   2340.00     659.46
   2345.00     659.67
   2350.00     659.83
   2355.00     659.94
   2360.00     659.99
   2365.00     659.99
   2370.00     659.94
   2375.00     659.83
   2380.00     659.67
   2385.00     659.46
   2390.00     659.19
   2395.00     658.87
   2400.00     658.50
   2405.00     658.07
   2410.00     657.59
   2415.00     657.06
   2420.00     656.48
   2425.00     655.85
   2430.00     655.17
   2435.00     654.44
   2440.00     653.66
   2445.00     652.84
   2450.00     651.96
   2455.00     651.04
   2460.00     650.07
   2465.00     649.06
   2470.00     648.01
   2475.00     646.91
   2480.00     645.77
   2485.00     644.59
   2490.00     643.37
   2495.00     642.11
   2500.00     640.81
   2505.00     639.48
   2510.00     638.11
   2515.00     636.70
   2520.00     635.27
   2525.00     633.80
   2530.00     632.30
   2535.00     630.77
   2540.00     629.22
   2545.00     627.64
   2550.00     626.03
   2555.00     624.40
   2560.00     622.75
   2565.00     621.08
   2570.00     619.39
   2575.00     617.69
   2580.00     615.96
   2585.00     614.22
   2590.00     612.47
   2595.00     610.71
   2600.00     608.94
   2605.00     607.16
   2610.00     605.38
   2615.00     603.59
   2620.00     601.79
   2625.00     600.00
   2630.00     598.21
   2635.00     596.41
   2640.00     594.62
   2645.00     592.84
   2650.00     591.06
   2655.00     589.29
   2660.00     587.53
   2665.00     585.78
   2670.00     584.04
   2675.00     582.31
   2680.00     580.61
   2685.00     578.92
   2690.00     577.25
   2695.00     575.60
   2700.00     573.97
   2705.00     572.36
   2710.00     570.78
   2715.00     569.23
   2720.00     567.70
   2725.00     566.20
   2730.00     564.73
   2735.00     563.30
   2740.00     561.89
   2745.00     560.52
   2750.00     559.19
   2755.00     557.89
   2760.00     556.63
   2765.00     555.41
   2770.00     554.23
   2775.00     553.09
   2780.00     551.99
   2785.00     550.94
   2790.00     549.93
   2795.00     548.96
   2800.00     548.04
   2805.00     547.16
   2810.00     546.34
   2815.00     545.56
   2820.00     544.83
   2825.00     544.15
   2830.00     543.52
   2835.00     542.94
   2840.00     542.41
   2845.00     541.93
   2850.00     541.50
   2855.00     541.13
   2860.00     540.81
   2865.00     540.54
   2870.00     540.33
   2875.00     540.17
   2880.00     540.06
   2885.00     540.01
   2890.00     540.01
   2895.00     540.06
   2900.00     540.17
   2905.00     540.33
   2910.00     540.54
   2915.00     540.81
   2920.00     541.13
   2925.00     541.50
   2930.00     541.93
   2935.00     542.41
   2940.00     542.94
   2945.00     543.52
   2950.00     544.15
   2955.00     544.83
   2960.00     545.56
   2965.00     546.34
   2970.00     547.16
   2975.00     548.04
   2980.00     548.96
   2985.00     549.93
   2990.00     550.94
   2995.00     551.99
   3000.00     553.09
   3005.00     554.23
   3010.00     555.41
   3015.00     556.63
   3020.00     557.89
   3025.00     559.19
   3030.00     560.52
   3035.00     561.89
   3040.00     563.30
   3045.00     564.73
   3050.00     566.20
   3055.00     567.70
   3060.00     569.23
   3065.00     570.78
   3070.00     572.36
   3075.00     573.97
   3080.00     575.60
   3085.00     577.25
   3090.00     578.92
   3095.00     580.61
   3100.00     582.31
   3105.00     584.04
   3110.00     585.78
   3115.00     587.53
   3120.00     589.29
   3125.00     591.06
   3130.00     592.84
   3135.00     594.62
   3140.00     596.41
   3145.00     598.21
         1     -99999
      0.00    1000.00
      5.00    1000.00
     10.00    1000.00
     15.00    1000.00
     20.00    1000.00
     25.00    1000.00
     30.00    1000.00
     35.00    1000.00
     40.00    1000.00
     45.00    1000.00
     50.00    1000.00
     55.00    1000.00
     60.00    1000.00
     65.00    1000.00
     70.00    1000.00
     75.00    1000.00
     80.00    1000.00
     85.00    1000.00
     90.00    1000.00
     95.00    1000.00
    100.00    1000.00
    105.00    1000.00
    110.00    1000.00
    115.00    1000.00
    120.00    1000.00
    125.00    1000.00
    130.00    1000.00
    135.00    1000.00
    140.00    1000.00
    145.00    1000.00
    150.00    1000.00
    155.00    1000.00
    160.00    1000.00
    165.00    1000.00
    170.00    1000.00
    175.00    1000.00
    180.00    1000.00
    185.00    1000.00
    190.00    1000.00
    195.00    1000.00
    200.00    1000.00
    205.00    1000.00
    210.00    1000.00
    215.00    1000.00
    220.00    1000.00
    225.00    1000.00
    230.00    1000.00
    235.00    1000.00
    240.00    1000.00
    245.00    1000.00
    250.00    1000.00
    255.00    1000.00
    260.00    1000.00
    265.00    1000.00
    270.00    1000.00
    275.00    1000.00
    280.00    1000.00
    285.00    1000.00
    290.00    1000.00
    295.00    1000.00
    300.00    1000.00
    305.00    1000.00
    310.00    1000.00
    315.00    1000.00
    320.00    1000.00
    325.00    1000.00
    330.00    1000.00
    335.00    1000.00
    340.00    1000.00
    345.00    1000.00
    350.00    1000.00
    355.00    1000.00
    360.00    1000.00
    365.00    1000.00
    370.00    1000.00
    375.00    1000.00
    380.00    1000.00
    385.00    1000.00
    390.00    1000.00
    395.00    1000.00
    400.00    1000.00
    405.00    1000.00
    410.00    1000.00
    415.00    1000.00
    420.00    1000.00
    425.00    1000.00
    430.00    1000.00
    435.00    1000.00
    440.00    1000.00
    445.00    1000.00
    450.00    1000.00
    455.00    1000.00
    460.00    1000.00
    465.00    1000.00
    470.00    1000.00
    475.00    1000.00
    480.00    1000.00
    485.00    1000.00
    490.00    1000.00
    495.00    1000.00
    500.00    1000.00
    505.00    1000.00
    510.00    1000.00
    515.00    1000.00
    520.00    1000.00
    525.00    1000.00
    530.00    1000.00
    535.00    1000.00
    540.00    1000.00
    545.00    1000.00
    550.00    1000.00
    555.00    1000.00
    560.00    1000.00
    565.00    1000.00
    570.00    1000.00
    575.00    1000.00
    580.00    1000.00
    585.00    1000.00
    590.00    1000.00
    595.00    1000.00
    600.00    1000.00
    605.00    1000.00
    610.00    1000.00
    615.00    1000.00
    620.00    1000.00
    625.00    1000.00
    630.00    1000.00
    635.00    1000.00
    640.00    1000.00
    645.00    1000.00
    650.00    1000.00
    655.00    1000.00
    660.00    1000.00
    665.00    1000.00
    670.00    1000.00
    675.00    1000.00
    680.00    1000.00
    685.00    1000.00
    690.00    1000.00
    695.00    1000.00
    700.00    1000.00
    705.00    1000.00
    710.00    1000.00
    715.00    1000.00
    720.00    1000.00
    725.00    1000.00
    730.00    1000.00
    735.00    1000.00
    740.00    1000.00
    745.00    1000.00
    750.00    1000.00
    755.00    1000.00
    760.00    1000.00
    765.00    1000.00
    770.00    1000.00
    775.00    1000.00
    780.00    1000.00
    785.00    1000.00
    790.00    1000.00
    795.00    1000.00
    800.00    1000.00
    805.00    1000.00
    810.00    1000.00
    815.00    1000.00
    820.00    1000.00
    825.00    1000.00
    830.00    1000.00
    835.00    1000.00
    840.00    1000.00
    845.00    1000.00
    850.00    1000.00
    855.00    1000.00
    860.00    1000.00
    865.00    1000.00
    870.00    1000.00
    875.00    1000.00
    880.00    1000.00
    885.00    1000.00
    890.00    1000.00
    895.00    1000.00
    900.00    1000.00
    905.00    1000.00
    910.00    1000.00
    915.00    1000.00
    920.00    1000.00
    925.00    1000.00
    930.00    1000.00
    935.00    1000.00
    940.00    1000.00
    945.00    1000.00
    950.00    1000.00
    955.00    1000.00
    960.00    1000.00
    965.00    1000.00
    970.00    1000.00
    975.00    1000.00
    980.00    1000.00
    985.00    1000.00
    990.00    1000.00
    995.00    1000.00
   1000.00    1000.00
   1005.00    1000.00
   1010.00    1000.00
   1015.00    1000.00
   1020.00    1000.00
   1025.00    1000.00
   1030.00    1000.00
   1035.00    1000.00
   1040.00    1000.00
   1045.00    1000.00
   1050.00    1100.00
   1055.00    1100.00
   1060.00    1100.00
   1065.00    1100.00
   1070.00    1100.00
   1075.00    1100.00
   1080.00    1100.00
   1085.00    1100.00
   1090.00    1100.00
   1095.00    1100.00
   1100.00    1100.00
   1105.00    1100.00
   1110.00    1100.00
   1115.00    1100.00
   1120.00    1100.00
   1125.00    1100.00
   1130.00    1100.00
   1135.00    1100.00
   1140.00    1100.00
   1145.00    1100.00
   1150.00    1100.00
   1155.00    1100.00
   1160.00    1100.00
   1165.00    1100.00
   1170.00    1100.00
   1175.00    1100.00
   1180.00    1100.00
   1185.00    1100.00
   1190.00    1100.00
   1195.00    1100.00
   1200.00    1100.00
   1205.00    1100.00
   1210.00    1100.00
   1215.00    1100.00
   1220.00    1100.00
   1225.00    1100.00
   1230.00    1100.00
   1235.00    1100.00
   1240.00    1100.00
   1245.00    1100.00
   1250.00    1100.00
   1255.00    1100.00
   1260.00    1100.00
   1265.00    1100.00
   1270.00    1100.00
   1275.00    1100.00
   1280.00    1100.00
   1285.00    1100.00
   1290.00    1100.00
   1295.00    1100.00
   1300.00    1100.00
   1305.00    1100.00
   1310.00    1100.00
   1315.00    1100.00
   1320.00    1100.00
   1325.00    1100.00
   1330.00    1100.00
   1335.00    1100.00
   1340.00    1100.00
   1345.00    1100.00
   1350.00    1100.00
   1355.00    1100.00
   1360.00    1100.00
   1365.00    1100.00
   1370.00    1100.00
   1375.00    1100.00
   1380.00    1100.00
   1385.00    1100.00
   1390.00    1100.00
   1395.00    1100.00
   1400.00    1100.00
   1405.00    1100.00
   1410.00    1100.00
   1415.00    1100.00
   1420.00    1100.00
   1425.00    1100.00
   1430.00    1100.00
   1435.00    1100.00
   1440.00    1100.00
   1445.00    1100.00
   1450.00    1100.00
   1455.00    1100.00
   1460.00    1100.00
   1465.00    1100.00
   1470.00    1100.00
   1475.00    1100.00
   1480.00    1100.00
   1485.00    1100.00
   1490.00    1100.00
   1495.00    1100.00
   1500.00    1100.00
   1505.00    1100.00
   1510.00    1100.00
   1515.00    1100.00
   1520.00    1100.00
   1525.00    1100.00
   1530.00    1100.00
   1535.00    1100.00
   1540.00    1100.00
   1545.00    1100.00
   1550.00    1100.00
   1555.00    1100.00
   1560.00    1100.00
   1565.00    1100.00
   1570.00    1100.00
   1575.00    1100.00
   1580.00    1100.00
   1585.00    1100.00
   1590.00    1100.00
   1595.00    1100.00
   1600.00    1100.00
   1605.00    1100.00
   1610.00    1100.00
   1615.00    1100.00
   1620.00    1100.00
   1625.00    1100.00
   1630.00    1100.00
   1635.00    1100.00
   1640.00    1100.00
   1645.00    1100.00
   1650.00    1100.00
   1655.00    1100.00
   1660.00    1100.00
   1665.00    1100.00
   1670.00    1100.00
   1675.00    1100.00
   1680.00    1100.00
   1685.00    1100.00
   1690.00    1100.00
   1695.00    1100.00
   1700.00    1100.00
   1705.00    1100.00
   1710.00    1100.00
   1715.00    1100.00
   1720.00    1100.00
   1725.00    1100.00
   1730.00    1100.00
   1735.00    1100.00
   1740.00    1100.00
   1745.00    1100.00
   1750.00    1100.00
   1755.00    1100.00
   1760.00    1100.00
   1765.00    1100.00
   1770.00    1100.00
   1775.00    1100.00
   1780.00    1100.00
   1785.00    1100.00
   1790.00    1100.00
   1795.00    1100.00
   1800.00    1100.00
   1805.00    1100.00
   1810.00    1100.00
   1815.00    1100.00
   1820.00    1100.00
   1825.00    1100.00
   1830.00    1100.00
   1835.00    1100.00
   1840.00    1100.00
   1845.00    1100.00
   1850.00    1100.00
   1855.00    1100.00
   1860.00    1100.00
   1865.00    1100.00
   1870.00    1100.00
   1875.00    1100.00
   1880.00    1100.00
   1885.00    1100.00
   1890.00    1100.00
   1895.00    1100.00
   1900.00    1100.00
   1905.00    1100.00
   1910.00    1100.00
   1915.00    1100.00
   1920.00    1100.00
   1925.00    1100.00
   1930.00    1100.00
   1935.00    1100.00
   1940.00    1100.00
   1945.00    1100.00
   1950.00    1100.00
   1955.00    1100.00
   1960.00    1100.00
   1965.00    1100.00
   1970.00    1100.00
   1975.00    1100.00
   1980.00    1100.00
   1985.00    1100.00
   1990.00    1100.00
   1995.00    1100.00
   2000.00    1100.00
   2005.00    1100.00
   2010.00    1100.00
   2015.00    1100.00
   2020.00    1100.00
   2025.00    1100.00
   2030.00    1100.00
   2035.00    1100.00
   2040.00    1100.00
   2045.00    1100.00
   2050.00    1100.00
   2055.00    1100.00
   2060.00    1100.00
   2065.00    1100.00
   2070.00    1100.00
   2075.00    1100.00
   2080.00    1100.00
   2085.00    1100.00
   2090.00    1100.00
   2095.00    1100.00
   2100.00    1100.00
   2105.00    1090.00
   2110.00    1080.00
   2115.00    1070.00
   2120.00    1060.00
   2125.00    1050.00
   2130.00    1040.00
   2135.00    1030.00
   2140.00    1020.00
   2145.00    1010.00
   2150.00    1000.00
   2155.00     990.00
   2160.00     980.00
   2165.00     970.00
   2170.00     960.00
   2175.00     950.00
   2180.00     940.00
   2185.00     930.00
   2190.00     920.00
   2195.00     910.00
   2200.00     900.00
   2205.00     890.00
   2210.00     880.00
   2215.00     870.00
   2220.00     860.00
   2225.00     850.00
   2230.00     840.00
   2235.00     830.00
   2240.00     820.00
   2245.00     810.00
   2250.00     800.00
   2255.00     800.00
   2260.00     800.00
   2265.00     800.00
   2270.00     800.00
   2275.00     800.00
   2280.00     800.00
   2285.00     800.00
   2290.00     800.00
   2295.00     800.00
   2300.00     800.00
   2305.00     800.00
   2310.00     800.00
   2315.00     800.00
   2320.00     800.00
   2325.00     800.00
   2330.00     800.00
   2335.00     800.00
   2340.00     800.00
   2345.00     800.00
   2350.00     800.00
   2355.00     800.00
   2360.00     800.00
   2365.00     800.00
   2370.00     800.00
   2375.00     800.00
   2380.00     800.00
   2385.00     800.00
   2390.00     800.00
   2395.00     800.00
   2400.00     800.00
   2405.00     800.00
   2410.00     800.00
   2415.00     800.00
   2420.00     800.00
   2425.00     800.00
   2430.00     800.00
   2435.00     800.00
   2440.00     800.00
   2445.00     800.00
   2450.00     800.00
   2455.00     800.00
   2460.00     800.00
   2465.00     800.00
   2470.00     800.00
   2475.00     800.00
   2480.00     800.00
   2485.00     800.00
   2490.00     800.00
   2495.00     800.00
   2500.00     800.00
   2505.00     800.00
   2510.00     800.00
   2515.00     800.00
   2520.00     800.00
   2525.00     800.00
   2530.00     800.00
   2535.00     800.00
   2540.00     800.00
   2545.00     800.00
   2550.00     800.00
   2555.00     800.00
   2560.00     800.00
   2565.00     800.00
   2570.00     800.00
   2575.00     800.00
   2580.00     800.00
   2585.00     800.00
   2590.00     800.00
   2595.00     800.00
   2600.00     800.00
   2605.00     800.00
   2610.00     800.00
   2615.00     800.00
   2620.00     800.00
   2625.00     800.00
   2630.00     800.00
   2635.00     800.00
   2640.00     800.00
   2645.00     800.00
   2650.00     800.00
   2655.00     800.00
   2660.00     800.00
   2665.00     800.00
   2670.00     800.00
   2675.00     800.00
   2680.00     800.00
   2685.00     800.00
   2690.00     800.00
   2695.00     800.00
   2700.00     800.00
   2705.00     800.00
   2710.00     800.00
   2715.00     800.00
   2720.00     800.00
   2725.00     800.00
   2730.00     800.00
   2735.00     800.00
   2740.00     800.00
   2745.00     800.00
   2750.00     800.00
   2755.00     800.00
   2760.00     800.00
   2765.00     800.00
   2770.00     800.00
   2775.00     800.00
   2780.00     800.00
   2785.00     800.00
   2790.00     800.00
   2795.00     800.00
   2800.00     800.00
   2805.00     800.00
   2810.00     800.00
   2815.00     800.00
   2820.00     800.00
   2825.00     800.00
   2830.00     800.00
   2835.00     800.00
   2840.00     800.00
   2845.00     800.00
   2850.00     800.00
   2855.00     800.00
   2860.00     800.00
   2865.00     800.00
   2870.00     800.00
   2875.00     800.00
   2880.00     800.00
   2885.00     800.00
   2890.00     800.00
   2895.00     800.00
   2900.00     800.00
   2905.00     800.00
   2910.00     800.00
   2915.00     800.00
   2920.00     800.00
   2925.00     800.00
   2930.00     800.00
   2935.00     800.00
   2940.00     800.00
   2945.00     800.00
   2950.00     800.00
   2955.00     800.00
   2960.00     800.00
   2965.00     800.00
   2970.00     800.00
   2975.00     800.00
   2980.00     800.00
   2985.00     800.00
   2990.00     800.00
   2995.00     800.00
   3000.00     800.00
   3005.00     800.00
   3010.00     800.00
   3015.00     800.00
   3020.00     800.00
   3025.00     800.00
   3030.00     800.00
   3035.00     800.00
   3040.00     800.00
   3045.00     800.00
   3050.00     800.00
   3055.00     800.00
   3060.00     800.00
   3065.00     800.00
   3070.00     800.00
   3075.00     800.00
   3080.00     800.00
   3085.00     800.00
   3090.00     800.00
   3095.00     800.00
   3100.00     800.00
   3105.00     800.00
   3110.00     800.00
   3115.00     800.00
   3120.00     800.00
   3125.00     800.00
   3130.00     800.00
   3135.00     800.00
   3140.00     800.00
   3145.00     800.00
         1     -99999
