        0.000000E+00      200.000000
     2000.000000          0.000000
     3500.000000      100.000000
     4000.000000      200.000000
     5000.000000      150.000000
     8000.000000      150.000000
     9000.000000      450.000000
    12000.000000     1100.000000
        1.000000   -99999.000000
    0.000000E+00     1100.000000
     2000.000000      900.000000
     4000.000000      800.000000
     7000.000000     1200.000000
    12000.000000     2300.000000
        1.000000   -99999.000000
    0.000000E+00     1900.000000
     2000.000000     1700.000000
     4000.000000     1600.000000
     7000.000000     2000.000000
    12000.000000     3400.000000
        1.000000   -99999.000000
    0.000000E+00     2900.000000
     2000.000000     2700.000000
     4000.000000     2600.000000
     7000.000000     3200.000000
    10000.000000     4200.000000
    12000.000000     4800.000000
        1.000000   -99999.000000
    0.000000E+00     4000.000000
     2000.000000     3500.000000
     4000.000000     3900.000000
     7000.000000     6400.000000
     8000.000000     6600.000000
     9000.000000     6700.000000
    12000.000000     7400.000000
        1.000000   -99999.000000
