 3  0.817389131
   4000.00    100.00
   2384.61    800.00
   1000.00    200.00
 3  0.749166191
   4000.00    100.00
   2546.15    800.00
   1300.00    200.00
 3  0.682367206
   4000.00    100.00
   2707.69    800.00
   1600.00    200.00
 3  0.617454469
   4000.00    100.00
   2869.23    800.00
   1900.00    200.00
 7  1.27032697
   4000.00    100.00
   3912.44    800.00
   3625.23   2315.58
   3138.23   3835.74
   1966.74   2397.69
   1184.07    800.00
   1000.00    200.00
 7  1.24877584
   4000.00    100.00
   3927.37    800.00
   3690.39   2312.36
   3291.93   3806.07
   2213.28   2385.48
   1475.79    800.00
   1300.00    200.00
 7  1.2281884
   4000.00    100.00
   3942.44    800.00
   3755.52   2309.13
   3440.90   3776.26
   2456.14   2373.46
   1766.62    800.00
   1600.00    200.00
 7  1.20867658
   4000.00    100.00
   3957.71    800.00
   3820.93   2305.89
   3586.29   3746.36
   2695.56   2361.61
   2056.56    800.00
   1900.00    200.00
 3  0.790569425
   7900.00    400.00
   6700.00    800.00
   4900.00    200.00
 3  0.719808996
   7900.00    400.00
   6820.00    800.00
   5200.00    200.00
 3  0.649999976
   7900.00    400.00
   6940.00    800.00
   5500.00    200.00
 3  0.581485212
   7900.00    400.00
   7060.00    800.00
   5800.00    200.00
 7  1.05418718
   7900.00    400.00
   7804.95    800.00
   7312.05   2133.07
   6573.87   3258.52
   5751.66   2210.31
   5079.62    800.00
   4900.00    200.00
 7  1.03354764
   7900.00    400.00
   7811.80    800.00
   7357.62   2130.81
   6687.49   3254.34
   5965.39   2199.73
   5363.73    800.00
   5200.00    200.00
 7  1.01474738
   7900.00    400.00
   7819.22    800.00
   7406.16   2128.41
   6803.86   3251.33
   6177.16   2189.25
   5646.86    800.00
   5500.00    200.00
 7  0.997932851
   7900.00    400.00
   7827.19    800.00
   7457.47   2125.87
   6922.68   3249.55
   6387.53   2178.84
   5929.09    800.00
   5800.00    200.00
