1 	 68.623585 	 0.000000 	 0.000000 	 0.000000 	 0.500000 	 0.000000 	 0.300000 	 0.000000 	 0.100000 	 0.000000 	 -0.100000 	 0.082350 	 0.069276 	 -0.064478 	 -0.031059 	 -0.120114 	 -0.113433 	 -0.081625 	 -0.197324 	 0.000000 
2 	 68.885226 	 0.000000 	 0.000000 	 0.000000 	 0.500000 	 0.000000 	 0.300000 	 0.000000 	 0.100000 	 0.000000 	 -0.100000 	 -0.027279 	 0.102178 	 -0.098345 	 -0.046200 	 0.021488 	 0.178303 	 0.177225 	 -0.058582 	 0.000000 
3 	 69.035389 	 0.000000 	 0.000000 	 0.000000 	 0.500000 	 0.000000 	 0.200000 	 0.000000 	 0.100000 	 0.000000 	 -0.200000 	 0.148552 	 0.074488 	 -0.125449 	 0.064771 	 0.013221 	 0.084799 	 -0.025822 	 -0.085625 	 0.000000 
4 	 69.865662 	 0.000000 	 0.000000 	 0.000000 	 0.500000 	 0.000000 	 0.300000 	 0.000000 	 0.300000 	 0.000000 	 -0.200000 	 -0.089328 	 0.079774 	 -0.166274 	 0.193145 	 0.038555 	 0.005102 	 -0.112095 	 -0.069258 	 0.000000 
5 	 70.452193 	 0.000000 	 0.000000 	 0.000000 	 0.500000 	 0.000000 	 0.300000 	 0.000000 	 0.100000 	 0.000000 	 -0.100000 	 -0.167581 	 0.067228 	 -0.131371 	 -0.041768 	 -0.030634 	 -0.174611 	 -0.153735 	 0.003343 	 0.000000 
6 	 70.572867 	 0.000000 	 0.000000 	 0.000000 	 0.500000 	 0.000000 	 0.200000 	 0.000000 	 0.200000 	 0.000000 	 -0.100000 	 0.064200 	 -0.121227 	 -0.053526 	 -0.010271 	 0.026965 	 0.189440 	 0.143201 	 -0.010928 	 0.000000 
7 	 70.578640 	 0.000000 	 0.000000 	 0.000000 	 0.500000 	 0.000000 	 0.300000 	 0.000000 	 0.300000 	 0.000000 	 -0.000000 	 -0.051281 	 0.150412 	 0.094055 	 0.197894 	 0.090303 	 -0.143862 	 0.043539 	 0.146532 	 0.000000 
8 	 70.579059 	 0.000000 	 0.000000 	 0.000000 	 0.500000 	 -0.200000 	 0.000000 	 -0.200000 	 0.000000 	 0.000000 	 0.000000 	 0.056696 	 0.104193 	 -0.198726 	 -0.047452 	 -0.068988 	 -0.122588 	 -0.129995 	 -0.082059 	 0.000000 
9 	 70.604482 	 0.000000 	 0.000000 	 0.000000 	 0.500000 	 -0.100000 	 0.000000 	 -0.300000 	 0.000000 	 0.000000 	 0.000000 	 0.076451 	 -0.138369 	 -0.076318 	 -0.073035 	 -0.170548 	 0.045337 	 0.067351 	 -0.091602 	 0.000000 
10 	 70.785046 	 0.000000 	 0.000000 	 0.000000 	 0.500000 	 0.000000 	 0.200000 	 0.000000 	 0.100000 	 0.000000 	 -0.200000 	 -0.111766 	 0.083360 	 -0.019305 	 0.067340 	 0.033594 	 0.016449 	 -0.183473 	 -0.112852 	 0.000000 
11 	 71.016210 	 0.000000 	 0.000000 	 0.000000 	 0.500000 	 0.000000 	 0.300000 	 0.000000 	 0.100000 	 0.000000 	 -0.200000 	 -0.069509 	 -0.088966 	 0.151943 	 0.190501 	 -0.066919 	 0.014422 	 -0.188257 	 0.158952 	 0.000000 
12 	 71.020894 	 0.000000 	 0.000000 	 0.000000 	 0.500000 	 -0.100000 	 0.000000 	 -0.100000 	 0.000000 	 0.000000 	 0.000000 	 0.176962 	 -0.162537 	 -0.075157 	 0.009392 	 0.095548 	 0.041465 	 0.105183 	 -0.172051 	 0.000000 
13 	 71.113519 	 0.000000 	 0.000000 	 0.000000 	 0.500000 	 0.000000 	 0.200000 	 0.000000 	 0.300000 	 0.000000 	 -0.000000 	 -0.052776 	 0.193040 	 -0.183082 	 -0.026137 	 -0.097891 	 -0.159597 	 -0.039827 	 0.138190 	 0.000000 
14 	 71.217449 	 0.000000 	 0.000000 	 0.000000 	 0.500000 	 -0.100000 	 0.000000 	 -0.100000 	 0.000000 	 0.200000 	 0.000000 	 -0.117128 	 -0.171849 	 -0.148378 	 0.071455 	 -0.155072 	 0.074714 	 -0.167962 	 0.162748 	 0.000000 
15 	 71.271105 	 0.000000 	 0.000000 	 0.000000 	 0.500000 	 0.000000 	 0.300000 	 0.000000 	 0.200000 	 0.000000 	 -0.100000 	 -0.107707 	 -0.174066 	 0.063755 	 -0.045941 	 0.124141 	 0.111162 	 0.090629 	 -0.024491 	 0.000000 
16 	 71.278599 	 0.000000 	 0.000000 	 0.000000 	 0.500000 	 0.000000 	 0.200000 	 0.000000 	 0.200000 	 0.000000 	 -0.100000 	 -0.108978 	 -0.045124 	 -0.087725 	 0.036489 	 -0.037385 	 -0.046310 	 -0.093436 	 -0.057510 	 0.000000 
17 	 71.322128 	 0.000000 	 0.000000 	 0.000000 	 0.500000 	 0.000000 	 0.300000 	 0.000000 	 0.300000 	 0.000000 	 -0.100000 	 -0.085264 	 0.079842 	 -0.165932 	 0.088995 	 -0.053398 	 0.040640 	 -0.123656 	 0.039191 	 0.000000 
18 	 71.429479 	 0.000000 	 0.000000 	 0.000000 	 0.500000 	 0.000000 	 0.200000 	 0.000000 	 0.100000 	 0.000000 	 -0.100000 	 -0.130246 	 0.117714 	 -0.034018 	 0.106046 	 -0.053844 	 0.033688 	 -0.154096 	 -0.045584 	 0.000000 
19 	 71.521058 	 0.000000 	 0.000000 	 0.000000 	 0.500000 	 -0.200000 	 0.000000 	 -0.300000 	 0.000000 	 0.000000 	 0.000000 	 0.053361 	 -0.059797 	 -0.134307 	 -0.197015 	 -0.073264 	 0.002395 	 -0.064757 	 -0.102122 	 0.000000 
20 	 71.564811 	 0.000000 	 0.000000 	 0.000000 	 0.500000 	 0.000000 	 0.100000 	 0.000000 	 0.200000 	 0.000000 	 -0.000000 	 0.086409 	 0.063564 	 0.020945 	 0.030930 	 0.113282 	 -0.066570 	 0.197862 	 -0.179419 	 0.000000 
21 	 71.568190 	 0.000000 	 0.000000 	 0.000000 	 0.500000 	 0.000000 	 0.200000 	 0.000000 	 0.300000 	 0.000000 	 -0.100000 	 0.136233 	 -0.164084 	 -0.033246 	 0.035794 	 0.130148 	 -0.037141 	 0.052610 	 0.036896 	 0.000000 
22 	 71.647668 	 0.000000 	 0.000000 	 0.000000 	 0.500000 	 -0.100000 	 0.000000 	 -0.200000 	 0.000000 	 0.100000 	 0.000000 	 0.032949 	 -0.075112 	 -0.119891 	 -0.032838 	 0.100186 	 0.156184 	 -0.098275 	 0.121185 	 0.000000 
23 	 71.805590 	 0.000000 	 0.000000 	 0.000000 	 0.500000 	 0.000000 	 0.200000 	 0.000000 	 0.200000 	 0.000000 	 -0.000000 	 -0.064762 	 -0.190501 	 -0.020613 	 0.141678 	 0.051914 	 0.016323 	 0.074183 	 -0.140863 	 0.000000 
24 	 71.842234 	 0.000000 	 0.000000 	 0.000000 	 0.500000 	 0.000000 	 0.200000 	 0.000000 	 0.300000 	 0.000000 	 -0.000000 	 -0.061120 	 0.184734 	 -0.155068 	 -0.100757 	 -0.063593 	 -0.037331 	 0.007310 	 -0.133249 	 0.000000 
25 	 71.886204 	 0.000000 	 0.000000 	 0.000000 	 0.500000 	 0.000000 	 0.300000 	 0.000000 	 0.200000 	 0.000000 	 -0.200000 	 -0.142171 	 -0.163626 	 0.069478 	 0.146702 	 -0.073434 	 0.090154 	 -0.180824 	 -0.182458 	 0.000000 
26 	 71.950819 	 0.000000 	 0.000000 	 0.000000 	 0.500000 	 -0.100000 	 0.000000 	 -0.200000 	 0.000000 	 0.000000 	 0.000000 	 0.037597 	 -0.122126 	 -0.017258 	 0.083837 	 0.024820 	 -0.020435 	 -0.118147 	 -0.104291 	 0.000000 
27 	 72.059542 	 0.000000 	 0.000000 	 0.000000 	 0.500000 	 0.000000 	 0.300000 	 0.000000 	 0.100000 	 0.000000 	 -0.000000 	 -0.036812 	 -0.004903 	 0.172467 	 0.112008 	 -0.105223 	 -0.107736 	 0.098414 	 0.004626 	 0.000000 
28 	 72.061519 	 0.000000 	 0.000000 	 0.000000 	 0.500000 	 -0.200000 	 0.000000 	 -0.100000 	 0.000000 	 0.000000 	 0.000000 	 0.191790 	 -0.091001 	 -0.016574 	 0.127989 	 -0.107661 	 -0.066937 	 0.168216 	 -0.117528 	 0.000000 
29 	 72.121728 	 0.000000 	 0.000000 	 0.000000 	 0.500000 	 -0.200000 	 0.000000 	 -0.100000 	 0.000000 	 0.000000 	 0.000000 	 -0.077785 	 -0.010039 	 -0.056317 	 0.086221 	 -0.117718 	 -0.194683 	 -0.049495 	 0.143273 	 0.000000 
30 	 72.251554 	 0.000000 	 0.000000 	 0.000000 	 0.500000 	 0.000000 	 0.200000 	 0.000000 	 0.300000 	 0.000000 	 -0.200000 	 -0.164515 	 0.010286 	 -0.114715 	 0.046261 	 -0.042925 	 0.085790 	 -0.151185 	 -0.114520 	 0.000000 
31 	 72.529640 	 0.000000 	 0.000000 	 0.000000 	 0.500000 	 0.000000 	 0.200000 	 0.000000 	 0.300000 	 0.000000 	 -0.200000 	 -0.165449 	 -0.049134 	 -0.135427 	 0.108141 	 0.092549 	 0.100145 	 0.002475 	 0.067454 	 0.000000 
32 	 72.614180 	 0.000000 	 0.000000 	 0.000000 	 0.500000 	 0.000000 	 0.100000 	 0.000000 	 0.200000 	 0.000000 	 -0.000000 	 0.044329 	 0.076197 	 -0.140390 	 -0.188876 	 -0.156473 	 -0.002303 	 0.152789 	 -0.072538 	 0.000000 
33 	 72.639489 	 0.000000 	 0.000000 	 0.000000 	 0.500000 	 -0.200000 	 0.000000 	 -0.200000 	 0.000000 	 0.000000 	 0.000000 	 -0.079159 	 -0.039083 	 -0.043827 	 0.025199 	 -0.046819 	 0.114053 	 0.125015 	 0.197758 	 0.000000 
34 	 72.749556 	 0.000000 	 0.000000 	 0.000000 	 0.500000 	 0.000000 	 0.100000 	 0.000000 	 0.200000 	 0.000000 	 -0.000000 	 0.015588 	 0.112155 	 -0.089381 	 -0.051823 	 0.020650 	 -0.006331 	 -0.037649 	 0.135034 	 0.000000 
35 	 72.760449 	 0.000000 	 0.000000 	 0.000000 	 0.500000 	 0.000000 	 0.200000 	 0.000000 	 0.300000 	 0.000000 	 -0.100000 	 -0.012780 	 -0.182218 	 0.077107 	 -0.037442 	 0.114464 	 0.018542 	 0.008006 	 -0.188241 	 0.000000 
36 	 72.777862 	 0.000000 	 0.000000 	 0.000000 	 0.500000 	 0.000000 	 0.300000 	 0.000000 	 0.200000 	 0.000000 	 -0.000000 	 -0.095988 	 -0.079246 	 -0.017991 	 -0.077962 	 0.164561 	 -0.109867 	 0.078786 	 0.050273 	 0.000000 
37 	 72.952082 	 0.000000 	 0.000000 	 0.000000 	 0.500000 	 -0.100000 	 0.000000 	 -0.100000 	 0.000000 	 0.100000 	 0.000000 	 0.094725 	 -0.018622 	 -0.110844 	 -0.179104 	 -0.120981 	 0.035355 	 -0.052809 	 0.094927 	 0.000000 
38 	 72.974309 	 0.000000 	 0.000000 	 0.000000 	 0.500000 	 0.000000 	 0.100000 	 0.000000 	 0.300000 	 0.000000 	 -0.200000 	 0.158511 	 0.130798 	 -0.056466 	 0.026435 	 0.124672 	 0.045095 	 -0.107950 	 0.023986 	 0.000000 
39 	 73.008393 	 0.000000 	 0.000000 	 0.000000 	 0.500000 	 -0.300000 	 0.000000 	 -0.200000 	 0.000000 	 0.100000 	 0.000000 	 0.067478 	 -0.130398 	 -0.189649 	 0.031162 	 0.108153 	 -0.053709 	 -0.081814 	 0.065484 	 0.000000 
40 	 73.088266 	 0.000000 	 0.000000 	 0.000000 	 0.500000 	 0.000000 	 0.100000 	 0.000000 	 0.200000 	 0.000000 	 -0.100000 	 0.083640 	 -0.020501 	 -0.041726 	 -0.051504 	 0.189196 	 -0.024219 	 -0.167889 	 -0.044896 	 0.000000 
41 	 73.164492 	 0.000000 	 0.000000 	 0.000000 	 0.500000 	 -0.300000 	 0.000000 	 -0.100000 	 0.000000 	 0.000000 	 0.000000 	 -0.011152 	 0.102552 	 0.046227 	 0.176711 	 0.149708 	 0.050599 	 -0.025653 	 -0.077850 	 0.000000 
42 	 73.285005 	 0.000000 	 0.000000 	 0.000000 	 0.500000 	 0.000000 	 0.200000 	 0.000000 	 0.300000 	 0.000000 	 -0.000000 	 -0.147763 	 -0.031006 	 -0.037928 	 0.118922 	 -0.023626 	 -0.126007 	 -0.176139 	 -0.156807 	 0.000000 
43 	 73.345939 	 0.000000 	 0.000000 	 0.000000 	 0.500000 	 0.000000 	 0.100000 	 0.000000 	 0.300000 	 0.000000 	 -0.000000 	 -0.122850 	 0.005442 	 -0.185314 	 0.040599 	 0.027122 	 0.045454 	 -0.070610 	 0.172378 	 0.000000 
44 	 73.414129 	 0.000000 	 0.000000 	 0.000000 	 0.500000 	 0.000000 	 0.300000 	 0.000000 	 0.100000 	 0.000000 	 -0.200000 	 -0.055708 	 0.093639 	 -0.159434 	 -0.105940 	 0.093099 	 0.016654 	 0.084666 	 -0.030075 	 0.000000 
45 	 73.417080 	 0.000000 	 0.000000 	 0.000000 	 0.500000 	 0.000000 	 0.200000 	 0.000000 	 0.100000 	 0.000000 	 -0.200000 	 -0.006229 	 0.088658 	 -0.126632 	 0.075731 	 -0.132521 	 0.097423 	 0.088840 	 -0.090356 	 0.000000 
46 	 73.463220 	 0.000000 	 0.000000 	 0.000000 	 0.500000 	 -0.300000 	 0.000000 	 -0.100000 	 0.000000 	 0.000000 	 0.000000 	 0.086179 	 -0.016592 	 -0.011620 	 -0.031732 	 -0.111747 	 -0.184589 	 -0.163224 	 0.044917 	 0.000000 
47 	 73.592508 	 0.000000 	 0.000000 	 0.000000 	 0.500000 	 -0.300000 	 0.000000 	 -0.200000 	 0.000000 	 0.100000 	 0.000000 	 0.126036 	 -0.063536 	 -0.045919 	 0.063842 	 0.193464 	 0.128349 	 -0.080597 	 -0.000052 	 0.000000 
48 	 73.598446 	 0.000000 	 0.000000 	 0.000000 	 0.500000 	 -0.100000 	 0.000000 	 -0.300000 	 0.000000 	 0.100000 	 0.000000 	 0.172737 	 -0.107094 	 -0.013045 	 -0.116074 	 0.088364 	 -0.034243 	 -0.144782 	 -0.119698 	 0.000000 
49 	 73.676305 	 0.000000 	 0.000000 	 0.000000 	 0.500000 	 -0.100000 	 0.000000 	 -0.100000 	 0.000000 	 0.100000 	 0.000000 	 0.141738 	 -0.180928 	 -0.045277 	 -0.137126 	 0.049949 	 0.187824 	 0.109149 	 0.003378 	 0.000000 
50 	 73.764081 	 0.000000 	 0.000000 	 0.000000 	 0.500000 	 0.000000 	 0.200000 	 0.000000 	 0.200000 	 0.000000 	 -0.100000 	 -0.100866 	 -0.187533 	 -0.179956 	 -0.047863 	 -0.177927 	 -0.153785 	 -0.063372 	 0.175033 	 0.000000 
51 	 73.771244 	 0.000000 	 0.000000 	 0.000000 	 0.500000 	 0.000000 	 0.300000 	 0.000000 	 0.100000 	 0.000000 	 -0.100000 	 -0.013475 	 -0.004485 	 0.157449 	 -0.148859 	 0.089309 	 -0.143028 	 -0.049995 	 -0.045021 	 0.000000 
52 	 73.829736 	 0.000000 	 0.000000 	 0.000000 	 0.500000 	 -0.300000 	 0.000000 	 -0.300000 	 0.000000 	 0.100000 	 0.000000 	 0.115998 	 0.017857 	 -0.107973 	 -0.090651 	 0.029543 	 -0.060826 	 -0.182442 	 -0.098362 	 0.000000 
53 	 73.961473 	 0.000000 	 0.000000 	 0.000000 	 0.500000 	 0.000000 	 0.100000 	 0.000000 	 0.200000 	 0.000000 	 -0.000000 	 0.116942 	 -0.089121 	 -0.034298 	 -0.166871 	 0.171824 	 0.100188 	 0.144379 	 -0.102709 	 0.000000 
54 	 74.050780 	 0.000000 	 0.000000 	 0.000000 	 0.500000 	 -0.200000 	 0.000000 	 -0.200000 	 0.000000 	 0.200000 	 0.000000 	 0.124696 	 -0.192764 	 -0.170700 	 -0.078197 	 0.199234 	 -0.025220 	 -0.082931 	 0.075552 	 0.000000 
55 	 74.057047 	 0.000000 	 0.000000 	 0.000000 	 0.500000 	 0.000000 	 0.200000 	 0.000000 	 0.200000 	 0.000000 	 -0.000000 	 0.087680 	 -0.043036 	 -0.147588 	 -0.154158 	 -0.023204 	 0.025226 	 0.181790 	 -0.159428 	 0.000000 
56 	 74.140935 	 0.000000 	 0.000000 	 0.000000 	 0.500000 	 0.000000 	 0.200000 	 0.000000 	 0.100000 	 0.000000 	 -0.100000 	 -0.082924 	 -0.101791 	 0.191180 	 0.017179 	 -0.143657 	 0.128443 	 0.056069 	 -0.052438 	 0.000000 
57 	 74.185008 	 0.000000 	 0.000000 	 0.000000 	 0.500000 	 -0.100000 	 0.000000 	 -0.200000 	 0.000000 	 0.100000 	 0.000000 	 0.052063 	 0.135903 	 -0.008392 	 -0.163145 	 -0.156864 	 -0.040696 	 -0.156146 	 -0.015368 	 0.000000 
58 	 74.194325 	 0.000000 	 0.000000 	 0.000000 	 0.500000 	 -0.200000 	 0.000000 	 -0.300000 	 0.000000 	 0.000000 	 0.000000 	 0.054259 	 -0.175645 	 0.011670 	 -0.134110 	 0.006897 	 -0.021031 	 -0.139568 	 -0.015348 	 0.000000 
59 	 74.235962 	 0.000000 	 0.000000 	 0.000000 	 0.500000 	 0.000000 	 0.200000 	 0.000000 	 0.100000 	 0.000000 	 -0.000000 	 0.155664 	 -0.065491 	 -0.045054 	 0.012112 	 -0.136546 	 -0.112697 	 0.026407 	 -0.069675 	 0.000000 
60 	 74.236287 	 0.000000 	 0.000000 	 0.000000 	 0.500000 	 -0.200000 	 0.000000 	 -0.100000 	 0.000000 	 0.000000 	 0.000000 	 -0.038484 	 0.054446 	 0.055660 	 0.162066 	 0.059748 	 0.198839 	 0.038472 	 0.019113 	 0.000000 
61 	 74.264467 	 0.000000 	 0.000000 	 0.000000 	 0.500000 	 -0.100000 	 0.000000 	 -0.100000 	 0.000000 	 0.000000 	 0.000000 	 -0.144268 	 -0.019016 	 0.154508 	 0.100713 	 0.093976 	 -0.181566 	 0.025115 	 -0.179325 	 0.000000 
62 	 74.470899 	 0.000000 	 0.000000 	 0.000000 	 0.500000 	 -0.100000 	 0.000000 	 -0.300000 	 0.000000 	 0.100000 	 0.000000 	 -0.107725 	 0.114248 	 -0.158171 	 0.085670 	 0.167464 	 0.038713 	 -0.132102 	 -0.108455 	 0.000000 
63 	 74.511220 	 0.000000 	 0.000000 	 0.000000 	 0.500000 	 -0.100000 	 0.000000 	 -0.100000 	 0.000000 	 0.000000 	 0.000000 	 -0.037804 	 0.055788 	 0.115809 	 -0.011568 	 -0.149430 	 -0.130387 	 -0.026666 	 -0.025454 	 0.000000 
64 	 74.546328 	 0.000000 	 0.000000 	 0.000000 	 0.500000 	 -0.100000 	 0.000000 	 -0.200000 	 0.000000 	 0.000000 	 0.000000 	 -0.174852 	 0.193252 	 -0.175181 	 0.085927 	 0.011958 	 -0.035086 	 -0.080424 	 0.113604 	 0.000000 
65 	 74.552880 	 0.000000 	 0.000000 	 0.000000 	 0.500000 	 0.000000 	 0.100000 	 0.000000 	 0.300000 	 0.000000 	 -0.000000 	 -0.173960 	 -0.178725 	 -0.080894 	 0.048611 	 -0.017271 	 0.123751 	 -0.020685 	 0.015010 	 0.000000 
66 	 74.694837 	 0.000000 	 0.000000 	 0.000000 	 0.500000 	 0.000000 	 0.300000 	 0.000000 	 0.200000 	 0.000000 	 -0.000000 	 -0.168674 	 -0.028712 	 0.003506 	 0.187438 	 0.046470 	 -0.070757 	 -0.114201 	 -0.013427 	 0.000000 
67 	 74.724724 	 0.000000 	 0.000000 	 0.000000 	 0.500000 	 -0.100000 	 0.000000 	 -0.200000 	 0.000000 	 0.200000 	 0.000000 	 -0.135222 	 -0.153476 	 -0.074888 	 -0.178009 	 -0.158974 	 -0.088116 	 -0.165984 	 0.177089 	 0.000000 
68 	 74.793114 	 0.000000 	 0.000000 	 0.000000 	 0.500000 	 0.000000 	 0.200000 	 0.000000 	 0.200000 	 0.000000 	 -0.000000 	 0.194111 	 -0.122072 	 -0.155903 	 -0.087369 	 -0.020075 	 -0.009844 	 0.055577 	 -0.141921 	 0.000000 
69 	 74.880693 	 0.000000 	 0.000000 	 0.000000 	 0.500000 	 0.000000 	 0.100000 	 0.000000 	 0.300000 	 0.000000 	 -0.200000 	 -0.019860 	 -0.187175 	 -0.062185 	 -0.189788 	 -0.060714 	 -0.006096 	 -0.091219 	 0.023765 	 0.000000 
70 	 74.913540 	 0.000000 	 0.000000 	 0.000000 	 0.500000 	 -0.200000 	 0.000000 	 -0.300000 	 0.000000 	 0.000000 	 0.000000 	 -0.072475 	 0.027053 	 -0.035174 	 -0.019334 	 -0.012791 	 0.022910 	 -0.195364 	 0.144147 	 0.000000 
71 	 74.927988 	 0.000000 	 0.000000 	 0.000000 	 0.500000 	 0.000000 	 0.200000 	 0.000000 	 0.100000 	 0.000000 	 -0.100000 	 -0.107755 	 -0.106209 	 0.146985 	 -0.052752 	 -0.087472 	 0.025046 	 0.033002 	 0.005630 	 0.000000 
72 	 75.027924 	 0.000000 	 0.000000 	 0.000000 	 0.500000 	 0.000000 	 0.300000 	 0.000000 	 0.100000 	 0.000000 	 -0.200000 	 -0.144397 	 -0.153773 	 0.062729 	 0.050198 	 -0.130753 	 -0.030196 	 0.009406 	 0.090586 	 0.000000 
73 	 75.118550 	 0.000000 	 0.000000 	 0.000000 	 0.500000 	 0.000000 	 0.300000 	 0.000000 	 0.300000 	 0.000000 	 -0.100000 	 -0.165591 	 -0.152428 	 -0.117813 	 -0.114341 	 -0.104241 	 0.069435 	 -0.104696 	 -0.078816 	 0.000000 
74 	 75.125922 	 0.000000 	 0.000000 	 0.000000 	 0.500000 	 0.000000 	 0.200000 	 0.000000 	 0.300000 	 0.000000 	 -0.000000 	 -0.060210 	 -0.162408 	 -0.189015 	 -0.100053 	 0.082772 	 0.002826 	 -0.104699 	 -0.009692 	 0.000000 
75 	 75.244073 	 0.000000 	 0.000000 	 0.000000 	 0.500000 	 0.000000 	 0.300000 	 0.000000 	 0.100000 	 0.000000 	 -0.200000 	 -0.078620 	 0.160380 	 0.023595 	 -0.155727 	 -0.120707 	 0.017573 	 -0.017054 	 0.087854 	 0.000000 
76 	 75.528982 	 0.000000 	 0.000000 	 0.000000 	 0.500000 	 0.000000 	 0.100000 	 0.000000 	 0.100000 	 0.000000 	 -0.200000 	 -0.082817 	 0.034118 	 -0.048324 	 -0.140873 	 0.038386 	 0.125825 	 0.069435 	 -0.160951 	 0.000000 
77 	 75.580697 	 0.000000 	 0.000000 	 0.000000 	 0.500000 	 -0.300000 	 0.000000 	 -0.200000 	 0.000000 	 0.000000 	 0.000000 	 0.130679 	 -0.062912 	 -0.044594 	 -0.120975 	 -0.092863 	 0.154558 	 0.030388 	 -0.109142 	 0.000000 
78 	 75.586163 	 0.000000 	 0.000000 	 0.000000 	 0.500000 	 0.000000 	 0.100000 	 0.000000 	 0.200000 	 0.000000 	 -0.000000 	 -0.128754 	 0.061524 	 -0.107974 	 0.156383 	 0.027893 	 -0.088683 	 -0.013838 	 0.167027 	 0.000000 
79 	 75.742172 	 0.000000 	 0.000000 	 0.000000 	 0.500000 	 -0.100000 	 0.000000 	 -0.100000 	 0.000000 	 0.000000 	 0.000000 	 0.004374 	 0.049276 	 0.071999 	 -0.043993 	 -0.196622 	 0.142695 	 0.066891 	 -0.053512 	 0.000000 
80 	 75.791764 	 0.000000 	 0.000000 	 0.000000 	 0.500000 	 0.000000 	 0.300000 	 0.000000 	 0.100000 	 0.000000 	 -0.000000 	 -0.042234 	 -0.177027 	 0.148847 	 -0.096701 	 0.101999 	 -0.113421 	 -0.079148 	 -0.182341 	 0.000000 
81 	 75.856883 	 0.000000 	 0.000000 	 0.000000 	 0.500000 	 0.000000 	 0.200000 	 0.000000 	 0.100000 	 0.000000 	 -0.100000 	 -0.091372 	 0.182820 	 0.167887 	 0.053395 	 -0.123452 	 0.101989 	 -0.013424 	 0.174591 	 0.000000 
82 	 75.864814 	 0.000000 	 0.000000 	 0.000000 	 0.500000 	 -0.300000 	 0.000000 	 -0.200000 	 0.000000 	 0.000000 	 0.000000 	 0.135901 	 0.097229 	 0.095516 	 0.055438 	 0.199107 	 0.133239 	 0.153495 	 0.133700 	 0.000000 
83 	 75.952434 	 0.000000 	 0.000000 	 0.000000 	 0.500000 	 0.000000 	 0.200000 	 0.000000 	 0.300000 	 0.000000 	 -0.200000 	 0.037648 	 0.076579 	 -0.006251 	 0.145231 	 -0.153888 	 0.064585 	 0.027076 	 0.074395 	 0.000000 
84 	 75.960836 	 0.000000 	 0.000000 	 0.000000 	 0.500000 	 -0.100000 	 0.000000 	 -0.200000 	 0.000000 	 0.000000 	 0.000000 	 -0.011395 	 0.011290 	 0.008005 	 0.010849 	 0.084122 	 -0.148338 	 -0.044843 	 -0.096743 	 0.000000 
85 	 75.962304 	 0.000000 	 0.000000 	 0.000000 	 0.500000 	 0.000000 	 0.100000 	 0.000000 	 0.100000 	 0.000000 	 -0.200000 	 0.025378 	 -0.003621 	 -0.183594 	 0.140900 	 -0.013676 	 -0.012827 	 0.033429 	 0.189220 	 0.000000 
86 	 76.014816 	 0.000000 	 0.000000 	 0.000000 	 0.500000 	 0.000000 	 0.300000 	 0.000000 	 0.200000 	 0.000000 	 -0.200000 	 -0.127126 	 0.068773 	 0.055305 	 -0.090317 	 0.020458 	 -0.123496 	 -0.129861 	 0.034409 	 0.000000 
87 	 76.098059 	 0.000000 	 0.000000 	 0.000000 	 0.500000 	 -0.300000 	 0.000000 	 -0.300000 	 0.000000 	 0.000000 	 0.000000 	 -0.090992 	 0.091998 	 0.025731 	 0.182029 	 -0.181162 	 0.085863 	 -0.020036 	 -0.092643 	 0.000000 
88 	 76.135912 	 0.000000 	 0.000000 	 0.000000 	 0.500000 	 0.000000 	 0.300000 	 0.000000 	 0.100000 	 0.000000 	 -0.100000 	 -0.119463 	 0.142994 	 -0.094307 	 -0.122933 	 -0.152601 	 0.096384 	 -0.144262 	 -0.047465 	 0.000000 
89 	 76.284765 	 0.000000 	 0.000000 	 0.000000 	 0.500000 	 0.000000 	 0.100000 	 0.000000 	 0.300000 	 0.000000 	 -0.100000 	 0.045645 	 -0.178937 	 -0.185955 	 -0.195749 	 -0.065069 	 -0.126696 	 0.025858 	 -0.156548 	 0.000000 
90 	 76.423868 	 0.000000 	 0.000000 	 0.000000 	 0.500000 	 0.000000 	 0.100000 	 0.000000 	 0.300000 	 0.000000 	 -0.000000 	 -0.050867 	 0.050829 	 -0.016555 	 -0.176546 	 0.161594 	 0.027777 	 0.168284 	 -0.160081 	 0.000000 
91 	 76.434548 	 0.000000 	 0.000000 	 0.000000 	 0.500000 	 -0.200000 	 0.000000 	 -0.100000 	 0.000000 	 0.200000 	 0.000000 	 -0.180241 	 -0.005989 	 -0.019837 	 0.132784 	 -0.143040 	 0.132143 	 -0.058444 	 0.192701 	 0.000000 
92 	 76.484302 	 0.000000 	 0.000000 	 0.000000 	 0.500000 	 0.000000 	 0.100000 	 0.000000 	 0.300000 	 0.000000 	 -0.100000 	 -0.144296 	 -0.084825 	 -0.166620 	 0.048368 	 -0.154919 	 -0.100940 	 -0.015872 	 -0.193033 	 0.000000 
93 	 76.594159 	 0.000000 	 0.000000 	 0.000000 	 0.500000 	 -0.200000 	 0.000000 	 -0.100000 	 0.000000 	 0.000000 	 0.000000 	 0.191641 	 0.161207 	 0.135079 	 -0.125211 	 -0.011493 	 -0.056019 	 0.081317 	 0.197070 	 0.000000 
94 	 76.666178 	 0.000000 	 0.000000 	 0.000000 	 0.500000 	 0.000000 	 0.300000 	 0.000000 	 0.100000 	 0.000000 	 -0.000000 	 0.081967 	 -0.123035 	 -0.082479 	 -0.065337 	 -0.096731 	 0.034208 	 0.149693 	 -0.035834 	 0.000000 
95 	 76.684983 	 0.000000 	 0.000000 	 0.000000 	 0.500000 	 0.000000 	 0.100000 	 0.000000 	 0.100000 	 0.000000 	 -0.100000 	 0.061487 	 0.192211 	 0.153954 	 0.153954 	 0.138889 	 0.165495 	 0.006103 	 0.166616 	 0.000000 
96 	 76.706879 	 0.000000 	 0.000000 	 0.000000 	 0.500000 	 -0.300000 	 0.000000 	 -0.300000 	 0.000000 	 0.100000 	 0.000000 	 0.066061 	 0.183337 	 -0.163835 	 -0.012492 	 -0.185373 	 0.098695 	 -0.178067 	 -0.119762 	 0.000000 
97 	 76.726830 	 0.000000 	 0.000000 	 0.000000 	 0.500000 	 0.000000 	 0.200000 	 0.000000 	 0.200000 	 0.000000 	 -0.200000 	 -0.170846 	 -0.154298 	 -0.063124 	 -0.184913 	 -0.149749 	 0.022261 	 0.056321 	 0.005253 	 0.000000 
98 	 76.739015 	 0.000000 	 0.000000 	 0.000000 	 0.500000 	 0.000000 	 0.300000 	 0.000000 	 0.300000 	 0.000000 	 -0.200000 	 -0.164817 	 0.046747 	 0.050482 	 -0.154290 	 -0.064292 	 0.148110 	 0.084549 	 0.074608 	 0.000000 
99 	 76.739922 	 0.000000 	 0.000000 	 0.000000 	 0.500000 	 0.000000 	 0.100000 	 0.000000 	 0.300000 	 0.000000 	 -0.100000 	 0.174774 	 -0.106150 	 0.096348 	 -0.117378 	 0.182563 	 -0.170011 	 -0.103615 	 -0.024195 	 0.000000 
100 	 76.742328 	 0.000000 	 0.000000 	 0.000000 	 0.500000 	 -0.300000 	 0.000000 	 -0.100000 	 0.000000 	 0.100000 	 0.000000 	 0.174953 	 -0.115656 	 0.175244 	 0.133513 	 -0.147028 	 0.062637 	 -0.022274 	 -0.075276 	 0.000000 
101 	 76.750881 	 0.000000 	 0.000000 	 0.000000 	 0.500000 	 -0.100000 	 0.000000 	 -0.300000 	 0.000000 	 0.000000 	 0.000000 	 -0.119557 	 0.111525 	 -0.022808 	 -0.151960 	 -0.183089 	 0.053674 	 0.097323 	 -0.118684 	 0.000000 
102 	 76.778915 	 0.000000 	 0.000000 	 0.000000 	 0.500000 	 0.000000 	 0.100000 	 0.000000 	 0.200000 	 0.000000 	 -0.200000 	 0.180925 	 0.047599 	 0.047789 	 0.038712 	 -0.012435 	 -0.025447 	 -0.029256 	 -0.124211 	 0.000000 
103 	 76.808360 	 0.000000 	 0.000000 	 0.000000 	 0.500000 	 0.000000 	 0.100000 	 0.000000 	 0.100000 	 0.000000 	 -0.200000 	 -0.038094 	 0.015759 	 -0.003856 	 0.138334 	 0.087265 	 -0.131056 	 -0.146516 	 -0.023500 	 0.000000 
104 	 76.815955 	 0.000000 	 0.000000 	 0.000000 	 0.500000 	 0.000000 	 0.200000 	 0.000000 	 0.300000 	 0.000000 	 -0.100000 	 -0.136408 	 0.107597 	 0.175309 	 -0.056283 	 -0.049285 	 -0.011794 	 -0.093131 	 -0.053500 	 0.000000 
105 	 76.825201 	 0.000000 	 0.000000 	 0.000000 	 0.500000 	 -0.200000 	 0.000000 	 -0.300000 	 0.000000 	 0.000000 	 0.000000 	 0.052359 	 -0.142863 	 -0.194173 	 -0.124934 	 0.174108 	 0.104596 	 -0.182253 	 -0.086658 	 0.000000 
106 	 76.886562 	 0.000000 	 0.000000 	 0.000000 	 0.500000 	 -0.200000 	 0.000000 	 -0.100000 	 0.000000 	 0.200000 	 0.000000 	 -0.094261 	 -0.112509 	 0.110860 	 -0.195434 	 -0.159987 	 0.097234 	 -0.124995 	 -0.024964 	 0.000000 
107 	 76.915577 	 0.000000 	 0.000000 	 0.000000 	 0.500000 	 -0.200000 	 0.000000 	 -0.200000 	 0.000000 	 0.000000 	 0.000000 	 0.028498 	 -0.133801 	 -0.165447 	 0.109819 	 -0.171462 	 0.169185 	 -0.094758 	 -0.080551 	 0.000000 
108 	 77.046226 	 0.000000 	 0.000000 	 0.000000 	 0.500000 	 0.000000 	 0.100000 	 0.000000 	 0.100000 	 0.000000 	 -0.000000 	 -0.160407 	 -0.057389 	 0.002964 	 0.058850 	 -0.115239 	 0.063649 	 0.040993 	 0.061887 	 0.000000 
109 	 77.081990 	 0.000000 	 0.000000 	 0.000000 	 0.500000 	 0.000000 	 0.300000 	 0.000000 	 0.100000 	 0.000000 	 -0.000000 	 -0.170010 	 0.063276 	 0.135884 	 -0.087937 	 -0.143698 	 0.044912 	 0.073016 	 -0.173650 	 0.000000 
110 	 77.130412 	 0.000000 	 0.000000 	 0.000000 	 0.500000 	 -0.300000 	 0.000000 	 -0.300000 	 0.000000 	 0.000000 	 0.000000 	 0.009653 	 -0.105644 	 -0.016961 	 -0.134294 	 0.043310 	 -0.056422 	 0.089332 	 0.009266 	 0.000000 
111 	 77.179589 	 0.000000 	 0.000000 	 0.000000 	 0.500000 	 0.000000 	 0.300000 	 0.000000 	 0.300000 	 0.000000 	 -0.000000 	 0.042534 	 0.077098 	 0.124295 	 -0.160715 	 -0.068344 	 0.078285 	 0.159880 	 0.017348 	 0.000000 
112 	 77.207398 	 0.000000 	 0.000000 	 0.000000 	 0.500000 	 0.000000 	 0.100000 	 0.000000 	 0.200000 	 0.000000 	 -0.100000 	 0.086539 	 0.109049 	 0.069001 	 -0.087541 	 0.195892 	 0.037991 	 -0.183499 	 -0.042724 	 0.000000 
113 	 77.215253 	 0.000000 	 0.000000 	 0.000000 	 0.500000 	 0.000000 	 0.300000 	 0.000000 	 0.300000 	 0.000000 	 -0.100000 	 -0.193236 	 0.046235 	 -0.028469 	 0.036644 	 -0.052015 	 0.157168 	 -0.157252 	 -0.163883 	 0.000000 
114 	 77.280908 	 0.000000 	 0.000000 	 0.000000 	 0.500000 	 0.000000 	 0.100000 	 0.000000 	 0.100000 	 0.000000 	 -0.100000 	 0.130591 	 0.124629 	 0.099557 	 0.133055 	 -0.078722 	 -0.063615 	 -0.008944 	 0.187045 	 0.000000 
115 	 77.385589 	 0.000000 	 0.000000 	 0.000000 	 0.500000 	 -0.100000 	 0.000000 	 -0.200000 	 0.000000 	 0.200000 	 0.000000 	 0.130087 	 -0.010543 	 -0.068371 	 0.156590 	 0.191880 	 0.019078 	 -0.051004 	 0.067986 	 0.000000 
116 	 77.590486 	 0.000000 	 0.000000 	 0.000000 	 0.500000 	 -0.200000 	 0.000000 	 -0.300000 	 0.000000 	 0.000000 	 0.000000 	 0.007864 	 0.132679 	 -0.191597 	 0.047271 	 0.190740 	 -0.098492 	 -0.016744 	 -0.173063 	 0.000000 
117 	 77.762462 	 0.000000 	 0.000000 	 0.000000 	 0.500000 	 -0.100000 	 0.000000 	 -0.100000 	 0.000000 	 0.100000 	 0.000000 	 -0.094287 	 -0.179194 	 0.063027 	 -0.001347 	 -0.195839 	 0.151706 	 0.165840 	 0.192861 	 0.000000 
118 	 77.776701 	 0.000000 	 0.000000 	 0.000000 	 0.500000 	 -0.200000 	 0.000000 	 -0.100000 	 0.000000 	 0.100000 	 0.000000 	 0.026203 	 -0.176908 	 0.102835 	 -0.073405 	 0.038055 	 -0.076624 	 -0.139087 	 -0.005733 	 0.000000 
119 	 77.779232 	 0.000000 	 0.000000 	 0.000000 	 0.500000 	 0.000000 	 0.200000 	 0.000000 	 0.200000 	 0.000000 	 -0.000000 	 -0.081459 	 -0.043532 	 -0.189494 	 -0.192984 	 -0.021364 	 0.146612 	 0.182607 	 0.193402 	 0.000000 
120 	 77.946348 	 0.000000 	 0.000000 	 0.000000 	 0.500000 	 0.000000 	 0.100000 	 0.000000 	 0.300000 	 0.000000 	 -0.100000 	 0.129284 	 0.177266 	 -0.073632 	 -0.047564 	 -0.074384 	 0.186327 	 -0.127648 	 0.000973 	 0.000000 
121 	 77.947008 	 0.000000 	 0.000000 	 0.000000 	 0.500000 	 0.000000 	 0.300000 	 0.000000 	 0.300000 	 0.000000 	 -0.200000 	 -0.072784 	 0.016861 	 0.175671 	 0.028300 	 0.127556 	 0.103720 	 0.181881 	 -0.172890 	 0.000000 
122 	 77.964631 	 0.000000 	 0.000000 	 0.000000 	 0.500000 	 0.000000 	 0.100000 	 0.000000 	 0.100000 	 0.000000 	 -0.100000 	 -0.008143 	 0.044387 	 0.057028 	 -0.101135 	 0.002986 	 -0.049409 	 0.051342 	 -0.000788 	 0.000000 
123 	 78.083373 	 0.000000 	 0.000000 	 0.000000 	 0.500000 	 0.000000 	 0.200000 	 0.000000 	 0.300000 	 0.000000 	 -0.100000 	 -0.093397 	 0.101834 	 -0.004510 	 -0.166876 	 -0.036312 	 -0.097003 	 -0.023148 	 0.177924 	 0.000000 
124 	 78.337972 	 0.000000 	 0.000000 	 0.000000 	 0.500000 	 0.000000 	 0.300000 	 0.000000 	 0.200000 	 0.000000 	 -0.200000 	 -0.161706 	 -0.057819 	 -0.159277 	 -0.019512 	 -0.123418 	 -0.143749 	 -0.033277 	 0.142319 	 0.000000 
125 	 78.343178 	 0.000000 	 0.000000 	 0.000000 	 0.500000 	 0.000000 	 0.100000 	 0.000000 	 0.200000 	 0.000000 	 -0.200000 	 -0.043705 	 -0.140307 	 0.074821 	 -0.124092 	 -0.144299 	 0.073760 	 0.090710 	 -0.059271 	 0.000000 
126 	 78.498054 	 0.000000 	 0.000000 	 0.000000 	 0.500000 	 -0.100000 	 0.000000 	 -0.300000 	 0.000000 	 0.000000 	 0.000000 	 0.006493 	 0.073459 	 -0.126060 	 0.082433 	 -0.077613 	 -0.199814 	 -0.055840 	 -0.109512 	 0.000000 
127 	 78.509807 	 0.000000 	 0.000000 	 0.000000 	 0.500000 	 0.000000 	 0.200000 	 0.000000 	 0.300000 	 0.000000 	 -0.100000 	 -0.132403 	 -0.150972 	 0.192531 	 -0.105242 	 -0.083911 	 0.171261 	 -0.080802 	 -0.159657 	 0.000000 
128 	 78.525154 	 0.000000 	 0.000000 	 0.000000 	 0.500000 	 0.000000 	 0.100000 	 0.000000 	 0.200000 	 0.000000 	 -0.200000 	 0.179932 	 -0.173895 	 0.123299 	 -0.138221 	 0.016556 	 0.135220 	 0.191638 	 0.004932 	 0.000000 
129 	 78.594194 	 0.000000 	 0.000000 	 0.000000 	 0.500000 	 0.000000 	 0.100000 	 0.000000 	 0.300000 	 0.000000 	 -0.000000 	 -0.104426 	 0.128109 	 0.099958 	 0.071505 	 -0.095541 	 0.136945 	 0.187143 	 0.119592 	 0.000000 
130 	 78.630268 	 0.000000 	 0.000000 	 0.000000 	 0.500000 	 0.000000 	 0.300000 	 0.000000 	 0.300000 	 0.000000 	 -0.000000 	 0.058448 	 -0.092280 	 -0.040576 	 0.119706 	 0.014492 	 -0.009937 	 -0.115596 	 0.164963 	 0.000000 
131 	 78.689009 	 0.000000 	 0.000000 	 0.000000 	 0.500000 	 -0.300000 	 0.000000 	 -0.300000 	 0.000000 	 0.000000 	 0.000000 	 0.066396 	 -0.022625 	 0.012177 	 -0.171229 	 0.005882 	 0.173942 	 -0.146382 	 0.118565 	 0.000000 
132 	 78.808380 	 0.000000 	 0.000000 	 0.000000 	 0.500000 	 -0.300000 	 0.000000 	 -0.300000 	 0.000000 	 0.100000 	 0.000000 	 -0.113050 	 0.138255 	 0.198938 	 -0.165304 	 -0.089480 	 0.194257 	 -0.154702 	 -0.101505 	 0.000000 
133 	 78.816719 	 0.000000 	 0.000000 	 0.000000 	 0.500000 	 0.000000 	 0.300000 	 0.000000 	 0.300000 	 0.000000 	 -0.000000 	 -0.176724 	 -0.027664 	 -0.174514 	 -0.154420 	 0.112417 	 0.007331 	 -0.005235 	 -0.035945 	 0.000000 
134 	 78.992904 	 0.000000 	 0.000000 	 0.000000 	 0.500000 	 -0.100000 	 0.000000 	 -0.300000 	 0.000000 	 0.100000 	 0.000000 	 0.195128 	 0.054313 	 -0.105827 	 0.098953 	 -0.021696 	 -0.043197 	 -0.016585 	 -0.177667 	 0.000000 
135 	 79.025501 	 0.000000 	 0.000000 	 0.000000 	 0.500000 	 -0.200000 	 0.000000 	 -0.100000 	 0.000000 	 0.100000 	 0.000000 	 -0.120023 	 0.133388 	 -0.187262 	 0.044010 	 0.048458 	 0.082284 	 0.111905 	 0.070878 	 0.000000 
136 	 79.151467 	 0.000000 	 0.000000 	 0.000000 	 0.500000 	 0.000000 	 0.100000 	 0.000000 	 0.200000 	 0.000000 	 -0.100000 	 -0.161317 	 -0.146165 	 -0.000582 	 -0.191501 	 0.190409 	 -0.020636 	 0.180046 	 -0.076206 	 0.000000 
137 	 79.251432 	 0.000000 	 0.000000 	 0.000000 	 0.500000 	 -0.100000 	 0.000000 	 -0.200000 	 0.000000 	 0.000000 	 0.000000 	 -0.108219 	 0.198284 	 0.043286 	 -0.172946 	 -0.040059 	 0.105207 	 -0.146926 	 -0.184395 	 0.000000 
138 	 79.434142 	 0.000000 	 0.000000 	 0.000000 	 0.500000 	 0.000000 	 0.100000 	 0.000000 	 0.100000 	 0.000000 	 -0.100000 	 0.092768 	 0.052860 	 0.109418 	 0.115358 	 -0.178625 	 -0.052604 	 0.124193 	 0.080586 	 0.000000 
139 	 79.611216 	 0.000000 	 0.000000 	 0.000000 	 0.500000 	 -0.100000 	 0.000000 	 -0.300000 	 0.000000 	 0.000000 	 0.000000 	 0.000701 	 -0.061649 	 0.143541 	 -0.139403 	 0.127848 	 0.118875 	 0.147584 	 -0.146254 	 0.000000 
140 	 79.760141 	 0.000000 	 0.000000 	 0.000000 	 0.500000 	 0.000000 	 0.300000 	 0.000000 	 0.200000 	 0.000000 	 -0.000000 	 0.074946 	 -0.076844 	 -0.007082 	 -0.113624 	 -0.112780 	 -0.117025 	 -0.080475 	 -0.022585 	 0.000000 
141 	 79.776456 	 0.000000 	 0.000000 	 0.000000 	 0.500000 	 0.000000 	 0.200000 	 0.000000 	 0.300000 	 0.000000 	 -0.200000 	 -0.090791 	 0.091793 	 -0.048859 	 0.178421 	 -0.031281 	 -0.080923 	 -0.028199 	 -0.014964 	 0.000000 
142 	 79.865020 	 0.000000 	 0.000000 	 0.000000 	 0.500000 	 -0.100000 	 0.000000 	 -0.100000 	 0.000000 	 0.100000 	 0.000000 	 0.069529 	 -0.186110 	 0.098766 	 -0.134127 	 -0.130672 	 0.137971 	 -0.166349 	 -0.052228 	 0.000000 
143 	 80.019127 	 0.000000 	 0.000000 	 0.000000 	 0.500000 	 0.000000 	 0.100000 	 0.000000 	 0.300000 	 0.000000 	 -0.000000 	 -0.191046 	 -0.016022 	 -0.086529 	 -0.177767 	 -0.063932 	 -0.029937 	 0.167445 	 -0.028115 	 0.000000 
144 	 80.107640 	 0.000000 	 0.000000 	 0.000000 	 0.500000 	 -0.100000 	 0.000000 	 -0.200000 	 0.000000 	 0.100000 	 0.000000 	 0.172243 	 0.081134 	 -0.020996 	 0.199325 	 0.149048 	 0.103377 	 0.188501 	 -0.109750 	 0.000000 
145 	 80.128276 	 0.000000 	 0.000000 	 0.000000 	 0.500000 	 0.000000 	 0.300000 	 0.000000 	 0.200000 	 0.000000 	 -0.100000 	 0.034768 	 0.001681 	 -0.099373 	 -0.052151 	 0.136267 	 0.154287 	 -0.174937 	 -0.015797 	 0.000000 
146 	 80.146073 	 0.000000 	 0.000000 	 0.000000 	 0.500000 	 0.000000 	 0.200000 	 0.000000 	 0.200000 	 0.000000 	 -0.100000 	 0.125482 	 -0.153556 	 0.054194 	 -0.151407 	 -0.189095 	 0.166227 	 -0.101512 	 -0.013408 	 0.000000 
147 	 80.193703 	 0.000000 	 0.000000 	 0.000000 	 0.500000 	 -0.200000 	 0.000000 	 -0.300000 	 0.000000 	 0.100000 	 0.000000 	 0.088417 	 0.048291 	 -0.049719 	 0.155901 	 -0.063393 	 -0.105757 	 -0.151778 	 -0.045078 	 0.000000 
148 	 80.215904 	 0.000000 	 0.000000 	 0.000000 	 0.500000 	 0.000000 	 0.200000 	 0.000000 	 0.100000 	 0.000000 	 -0.200000 	 -0.165690 	 -0.085546 	 -0.168450 	 -0.026605 	 0.145728 	 -0.075966 	 0.102442 	 0.196183 	 0.000000 
149 	 80.281022 	 0.000000 	 0.000000 	 0.000000 	 0.500000 	 0.000000 	 0.300000 	 0.000000 	 0.200000 	 0.000000 	 -0.000000 	 0.057752 	 0.077060 	 0.033543 	 -0.118250 	 0.153455 	 0.177694 	 0.071529 	 -0.085526 	 0.000000 
150 	 80.483979 	 0.000000 	 0.000000 	 0.000000 	 0.500000 	 -0.100000 	 0.000000 	 -0.100000 	 0.000000 	 0.200000 	 0.000000 	 -0.179295 	 0.029479 	 -0.186552 	 0.011091 	 0.073853 	 -0.143900 	 -0.111000 	 0.048695 	 0.000000 
151 	 80.990970 	 0.000000 	 0.000000 	 0.000000 	 0.500000 	 0.000000 	 0.100000 	 0.000000 	 0.100000 	 0.000000 	 -0.100000 	 -0.098508 	 -0.017206 	 0.165935 	 -0.077481 	 0.062434 	 0.054176 	 0.132093 	 0.112156 	 0.000000 
152 	 81.163560 	 0.000000 	 0.000000 	 0.000000 	 0.500000 	 0.000000 	 0.200000 	 0.000000 	 0.100000 	 0.000000 	 -0.200000 	 -0.013168 	 0.186019 	 -0.102975 	 -0.065452 	 0.039452 	 -0.077220 	 0.044787 	 0.110373 	 0.000000 
153 	 81.352910 	 0.000000 	 0.000000 	 0.000000 	 0.500000 	 -0.200000 	 0.000000 	 -0.100000 	 0.000000 	 0.200000 	 0.000000 	 0.052403 	 0.073484 	 0.035626 	 0.097210 	 -0.182736 	 -0.079110 	 -0.077338 	 -0.121948 	 0.000000 
154 	 81.456724 	 0.000000 	 0.000000 	 0.000000 	 0.500000 	 -0.300000 	 0.000000 	 -0.100000 	 0.000000 	 0.000000 	 0.000000 	 -0.111807 	 0.062195 	 -0.181894 	 0.029012 	 0.056514 	 0.025051 	 -0.197777 	 0.032239 	 0.000000 
155 	 81.490350 	 0.000000 	 0.000000 	 0.000000 	 0.500000 	 -0.200000 	 0.000000 	 -0.100000 	 0.000000 	 0.000000 	 0.000000 	 0.084053 	 -0.180175 	 0.164067 	 0.098405 	 0.161706 	 0.074946 	 -0.145058 	 -0.125411 	 0.000000 
156 	 81.734106 	 0.000000 	 0.000000 	 0.000000 	 0.500000 	 -0.200000 	 0.000000 	 -0.200000 	 0.000000 	 0.000000 	 0.000000 	 -0.106268 	 0.044267 	 0.139052 	 0.088973 	 -0.039389 	 0.167956 	 -0.145310 	 0.014167 	 0.000000 
157 	 81.881914 	 0.000000 	 0.000000 	 0.000000 	 0.500000 	 0.000000 	 0.300000 	 0.000000 	 0.300000 	 0.000000 	 -0.100000 	 0.067057 	 -0.188861 	 -0.065701 	 -0.069443 	 0.077357 	 0.185592 	 -0.154183 	 -0.007837 	 0.000000 
158 	 81.980780 	 0.000000 	 0.000000 	 0.000000 	 0.500000 	 -0.200000 	 0.000000 	 -0.200000 	 0.000000 	 0.200000 	 0.000000 	 -0.126069 	 0.116504 	 -0.082449 	 -0.072091 	 -0.060131 	 0.160125 	 0.087491 	 0.045253 	 0.000000 
159 	 82.095847 	 0.000000 	 0.000000 	 0.000000 	 0.500000 	 0.000000 	 0.100000 	 0.000000 	 0.300000 	 0.000000 	 -0.200000 	 -0.099851 	 -0.018625 	 0.138928 	 -0.041198 	 0.182523 	 -0.020917 	 -0.026467 	 0.132463 	 0.000000 
160 	 82.127632 	 0.000000 	 0.000000 	 0.000000 	 0.500000 	 0.000000 	 0.100000 	 0.000000 	 0.300000 	 0.000000 	 -0.100000 	 -0.080038 	 0.072724 	 -0.165307 	 -0.052465 	 0.056006 	 -0.191017 	 0.010130 	 0.188224 	 0.000000 
161 	 82.378881 	 0.000000 	 0.000000 	 0.000000 	 0.500000 	 0.000000 	 0.100000 	 0.000000 	 0.100000 	 0.000000 	 -0.000000 	 -0.016652 	 0.081398 	 -0.160418 	 -0.178957 	 -0.086153 	 -0.061457 	 -0.148488 	 0.143968 	 0.000000 
162 	 82.516981 	 0.000000 	 0.000000 	 0.000000 	 0.500000 	 0.000000 	 0.100000 	 0.000000 	 0.200000 	 0.000000 	 -0.100000 	 -0.034386 	 -0.149615 	 0.187104 	 -0.147733 	 -0.012087 	 -0.054308 	 0.168517 	 -0.036810 	 0.000000 
163 	 82.529693 	 0.000000 	 0.000000 	 0.000000 	 0.500000 	 -0.300000 	 0.000000 	 -0.200000 	 0.000000 	 0.100000 	 0.000000 	 -0.074943 	 0.063944 	 -0.136362 	 0.003690 	 0.012082 	 -0.069256 	 0.021491 	 -0.067668 	 0.000000 
164 	 82.544399 	 0.000000 	 0.000000 	 0.000000 	 0.500000 	 0.000000 	 0.100000 	 0.000000 	 0.200000 	 0.000000 	 -0.200000 	 0.077124 	 -0.008020 	 0.142037 	 0.046144 	 0.024992 	 0.014986 	 0.121442 	 -0.137182 	 0.000000 
165 	 82.587550 	 0.000000 	 0.000000 	 0.000000 	 0.500000 	 0.000000 	 0.200000 	 0.000000 	 0.100000 	 0.000000 	 -0.000000 	 0.150323 	 0.010299 	 0.036722 	 -0.142634 	 -0.009994 	 -0.056487 	 -0.141792 	 0.029262 	 0.000000 
166 	 82.601599 	 0.000000 	 0.000000 	 0.000000 	 0.500000 	 -0.100000 	 0.000000 	 -0.200000 	 0.000000 	 0.100000 	 0.000000 	 -0.035332 	 -0.018646 	 0.053175 	 0.150712 	 -0.082590 	 -0.143045 	 -0.085143 	 0.022980 	 0.000000 
167 	 82.688136 	 0.000000 	 0.000000 	 0.000000 	 0.500000 	 -0.300000 	 0.000000 	 -0.200000 	 0.000000 	 0.100000 	 0.000000 	 0.087708 	 0.046108 	 0.044919 	 0.113297 	 0.011235 	 -0.043137 	 -0.024259 	 -0.006717 	 0.000000 
168 	 82.982107 	 0.000000 	 0.000000 	 0.000000 	 0.500000 	 0.000000 	 0.100000 	 0.000000 	 0.100000 	 0.000000 	 -0.200000 	 0.101490 	 0.170771 	 -0.094079 	 0.000557 	 -0.122798 	 -0.029294 	 0.108451 	 0.043258 	 0.000000 
169 	 83.261936 	 0.000000 	 0.000000 	 0.000000 	 0.500000 	 0.000000 	 0.100000 	 0.000000 	 0.300000 	 0.000000 	 -0.200000 	 0.013548 	 -0.031866 	 -0.152437 	 0.094361 	 0.124022 	 -0.169836 	 -0.011737 	 -0.036102 	 0.000000 
170 	 83.268975 	 0.000000 	 0.000000 	 0.000000 	 0.500000 	 -0.300000 	 0.000000 	 -0.100000 	 0.000000 	 0.100000 	 0.000000 	 0.083608 	 0.148445 	 0.131121 	 0.068711 	 0.156262 	 0.147655 	 0.172446 	 -0.192434 	 0.000000 
171 	 83.580198 	 0.000000 	 0.000000 	 0.000000 	 0.500000 	 0.000000 	 0.100000 	 0.000000 	 0.100000 	 0.000000 	 -0.200000 	 0.080776 	 0.119155 	 -0.033204 	 0.087371 	 -0.144974 	 -0.070138 	 0.071619 	 -0.064274 	 0.000000 
172 	 83.937882 	 0.000000 	 0.000000 	 0.000000 	 0.500000 	 -0.200000 	 0.000000 	 -0.300000 	 0.000000 	 0.200000 	 0.000000 	 0.045772 	 -0.073669 	 0.097797 	 0.071298 	 0.074204 	 0.157061 	 -0.069715 	 0.111509 	 0.000000 
173 	 84.170942 	 0.000000 	 0.000000 	 0.000000 	 0.500000 	 -0.200000 	 0.000000 	 -0.300000 	 0.000000 	 0.100000 	 0.000000 	 0.163301 	 0.052158 	 0.104962 	 -0.061567 	 0.092091 	 -0.026202 	 -0.114065 	 0.105764 	 0.000000 
174 	 84.177656 	 0.000000 	 0.000000 	 0.000000 	 0.500000 	 -0.200000 	 0.000000 	 -0.200000 	 0.000000 	 0.100000 	 0.000000 	 0.006155 	 0.160380 	 -0.034947 	 -0.195388 	 -0.026440 	 -0.091042 	 0.020878 	 -0.105980 	 0.000000 
175 	 84.222554 	 0.000000 	 0.000000 	 0.000000 	 0.500000 	 -0.100000 	 0.000000 	 -0.300000 	 0.000000 	 0.200000 	 0.000000 	 0.141968 	 -0.166007 	 -0.123249 	 0.013773 	 -0.198896 	 -0.117197 	 -0.030804 	 -0.093580 	 0.000000 
176 	 85.158058 	 0.000000 	 0.000000 	 0.000000 	 0.500000 	 -0.100000 	 0.000000 	 -0.300000 	 0.000000 	 0.000000 	 0.000000 	 0.126961 	 0.192159 	 -0.014435 	 -0.008885 	 -0.168304 	 -0.136922 	 0.086739 	 -0.080455 	 0.000000 
177 	 85.213219 	 0.000000 	 0.000000 	 0.000000 	 0.500000 	 0.000000 	 0.200000 	 0.000000 	 0.200000 	 0.000000 	 -0.200000 	 -0.190024 	 -0.177760 	 -0.193685 	 -0.085436 	 -0.048255 	 -0.116734 	 0.192702 	 -0.086398 	 0.000000 
178 	 85.516478 	 0.000000 	 0.000000 	 0.000000 	 0.500000 	 -0.200000 	 0.000000 	 -0.100000 	 0.000000 	 0.100000 	 0.000000 	 -0.097082 	 0.199965 	 0.054335 	 0.163342 	 0.017877 	 -0.084531 	 -0.089078 	 0.009158 	 0.000000 
179 	 85.694035 	 0.000000 	 0.000000 	 0.000000 	 0.500000 	 0.000000 	 0.300000 	 0.000000 	 0.100000 	 0.000000 	 -0.000000 	 -0.050312 	 0.019534 	 0.131486 	 0.022981 	 -0.089242 	 -0.005130 	 -0.180657 	 0.073059 	 0.000000 
180 	 86.359659 	 0.000000 	 0.000000 	 0.000000 	 0.500000 	 -0.300000 	 0.000000 	 -0.100000 	 0.000000 	 0.100000 	 0.000000 	 0.045358 	 0.177873 	 0.164467 	 -0.009232 	 0.093256 	 0.001370 	 -0.000775 	 -0.028782 	 0.000000 
181 	 86.478117 	 0.000000 	 0.000000 	 0.000000 	 0.500000 	 -0.200000 	 0.000000 	 -0.200000 	 0.000000 	 0.100000 	 0.000000 	 -0.096784 	 -0.027976 	 0.021290 	 0.184921 	 -0.002639 	 -0.099404 	 -0.029284 	 0.191214 	 0.000000 
182 	 86.507759 	 0.000000 	 0.000000 	 0.000000 	 0.500000 	 -0.300000 	 0.000000 	 -0.100000 	 0.000000 	 0.200000 	 0.000000 	 -0.089983 	 0.101200 	 -0.023507 	 0.063653 	 -0.097901 	 -0.187663 	 -0.176671 	 0.116734 	 0.000000 
183 	 87.121744 	 0.000000 	 0.000000 	 0.000000 	 0.500000 	 0.000000 	 0.100000 	 0.000000 	 0.100000 	 0.000000 	 -0.000000 	 -0.077767 	 0.081350 	 0.089485 	 -0.086630 	 -0.014385 	 0.067889 	 -0.139501 	 -0.156400 	 0.000000 
184 	 87.291108 	 0.000000 	 0.000000 	 0.000000 	 0.500000 	 -0.100000 	 0.000000 	 -0.100000 	 0.000000 	 0.200000 	 0.000000 	 0.048890 	 -0.007404 	 0.075356 	 -0.012185 	 0.123818 	 -0.093902 	 0.004990 	 0.045046 	 0.000000 
185 	 87.777021 	 0.000000 	 0.000000 	 0.000000 	 0.500000 	 -0.300000 	 0.000000 	 -0.300000 	 0.000000 	 0.100000 	 0.000000 	 -0.047368 	 0.115346 	 -0.163375 	 -0.039592 	 0.193445 	 0.085002 	 0.171497 	 -0.055836 	 0.000000 
186 	 87.840243 	 0.000000 	 0.000000 	 0.000000 	 0.500000 	 -0.200000 	 0.000000 	 -0.200000 	 0.000000 	 0.000000 	 0.000000 	 -0.122796 	 -0.122201 	 0.102079 	 0.105030 	 0.130587 	 0.186048 	 -0.189373 	 -0.176558 	 0.000000 
187 	 88.026359 	 0.000000 	 0.000000 	 0.000000 	 0.500000 	 0.000000 	 0.200000 	 0.000000 	 0.200000 	 0.000000 	 -0.000000 	 -0.160862 	 0.193545 	 0.075438 	 -0.074836 	 -0.007340 	 0.083692 	 -0.135428 	 -0.168216 	 0.000000 
188 	 88.142710 	 0.000000 	 0.000000 	 0.000000 	 0.500000 	 0.000000 	 0.100000 	 0.000000 	 0.100000 	 0.000000 	 -0.000000 	 0.191268 	 0.095374 	 0.021023 	 0.149977 	 -0.169060 	 0.157612 	 -0.139846 	 -0.019232 	 0.000000 
189 	 88.164593 	 0.000000 	 0.000000 	 0.000000 	 0.500000 	 -0.200000 	 0.000000 	 -0.100000 	 0.000000 	 0.200000 	 0.000000 	 -0.159044 	 -0.095199 	 -0.193716 	 -0.132366 	 -0.136747 	 -0.104868 	 0.163847 	 -0.029588 	 0.000000 
190 	 88.425646 	 0.000000 	 0.000000 	 0.000000 	 0.500000 	 -0.200000 	 0.000000 	 -0.200000 	 0.000000 	 0.200000 	 0.000000 	 -0.121043 	 -0.005776 	 0.042264 	 0.180112 	 0.007993 	 0.126369 	 0.170478 	 -0.140537 	 0.000000 
191 	 88.558794 	 0.000000 	 0.000000 	 0.000000 	 0.500000 	 0.000000 	 0.200000 	 0.000000 	 0.200000 	 0.000000 	 -0.200000 	 -0.184781 	 -0.022095 	 0.022549 	 0.119581 	 -0.094549 	 -0.144216 	 0.065990 	 0.076101 	 0.000000 
192 	 88.646473 	 0.000000 	 0.000000 	 0.000000 	 0.500000 	 -0.200000 	 0.000000 	 -0.300000 	 0.000000 	 0.200000 	 0.000000 	 -0.052642 	 -0.199202 	 -0.098832 	 -0.051347 	 -0.119641 	 -0.172011 	 -0.100472 	 0.053236 	 0.000000 
193 	 88.754199 	 0.000000 	 0.000000 	 0.000000 	 0.500000 	 -0.300000 	 0.000000 	 -0.200000 	 0.000000 	 0.200000 	 0.000000 	 -0.062453 	 -0.086981 	 -0.083805 	 0.173802 	 -0.041443 	 -0.141165 	 -0.043194 	 -0.020453 	 0.000000 
194 	 88.915926 	 0.000000 	 0.000000 	 0.000000 	 0.500000 	 -0.200000 	 0.000000 	 -0.300000 	 0.000000 	 0.200000 	 0.000000 	 -0.026594 	 -0.083877 	 -0.086714 	 0.036380 	 -0.188803 	 -0.183787 	 -0.146694 	 -0.035058 	 0.000000 
195 	 89.168138 	 0.000000 	 0.000000 	 0.000000 	 0.500000 	 -0.300000 	 0.000000 	 -0.300000 	 0.000000 	 0.200000 	 0.000000 	 0.095910 	 0.085613 	 -0.138684 	 -0.025251 	 -0.109622 	 -0.124921 	 -0.118827 	 0.058429 	 0.000000 
196 	 89.644043 	 0.000000 	 0.000000 	 0.000000 	 0.500000 	 -0.100000 	 0.000000 	 -0.200000 	 0.000000 	 0.100000 	 0.000000 	 0.009165 	 0.029681 	 -0.072920 	 0.109388 	 0.089721 	 -0.187812 	 0.082387 	 -0.123549 	 0.000000 
197 	 89.930880 	 0.000000 	 0.000000 	 0.000000 	 0.500000 	 -0.200000 	 0.000000 	 -0.300000 	 0.000000 	 0.200000 	 0.000000 	 -0.181923 	 0.024573 	 -0.092479 	 -0.045371 	 -0.056704 	 0.097984 	 0.082401 	 -0.030003 	 0.000000 
198 	 89.942187 	 0.000000 	 0.000000 	 0.000000 	 0.500000 	 0.000000 	 0.200000 	 0.000000 	 0.100000 	 0.000000 	 -0.000000 	 -0.145791 	 -0.004881 	 -0.152400 	 -0.031511 	 -0.094773 	 0.114427 	 -0.122708 	 0.058698 	 0.000000 
199 	 90.370062 	 0.000000 	 0.000000 	 0.000000 	 0.500000 	 -0.100000 	 0.000000 	 -0.300000 	 0.000000 	 0.200000 	 0.000000 	 0.119486 	 0.190452 	 -0.008791 	 0.142334 	 -0.167686 	 -0.001355 	 -0.113034 	 0.124816 	 0.000000 
200 	 90.448322 	 0.000000 	 0.000000 	 0.000000 	 0.500000 	 -0.100000 	 0.000000 	 -0.200000 	 0.000000 	 0.200000 	 0.000000 	 0.149547 	 0.127329 	 0.081897 	 -0.089965 	 -0.017272 	 -0.187203 	 -0.133259 	 0.138234 	 0.000000 
201 	 90.893562 	 0.000000 	 0.000000 	 0.000000 	 0.500000 	 -0.200000 	 0.000000 	 -0.200000 	 0.000000 	 0.200000 	 0.000000 	 -0.153594 	 0.104455 	 0.159707 	 -0.069578 	 -0.135267 	 0.009321 	 0.007024 	 -0.084232 	 0.000000 
202 	 91.253370 	 0.000000 	 0.000000 	 0.000000 	 0.500000 	 -0.300000 	 0.000000 	 -0.100000 	 0.000000 	 0.100000 	 0.000000 	 -0.147627 	 0.155667 	 0.002450 	 0.071775 	 0.115541 	 -0.161409 	 -0.027516 	 -0.078449 	 0.000000 
203 	 91.261222 	 0.000000 	 0.000000 	 0.000000 	 0.500000 	 0.000000 	 0.100000 	 0.000000 	 0.100000 	 0.000000 	 -0.000000 	 -0.185472 	 0.011073 	 0.186377 	 0.118878 	 0.057413 	 0.129406 	 -0.194799 	 0.106005 	 0.000000 
204 	 91.669785 	 0.000000 	 0.000000 	 0.000000 	 0.500000 	 -0.300000 	 0.000000 	 -0.300000 	 0.000000 	 0.200000 	 0.000000 	 -0.029683 	 0.033705 	 0.115882 	 -0.064990 	 -0.002530 	 0.033187 	 -0.028828 	 -0.133422 	 0.000000 
205 	 92.396283 	 0.000000 	 0.000000 	 0.000000 	 0.500000 	 -0.100000 	 0.000000 	 -0.200000 	 0.000000 	 0.200000 	 0.000000 	 0.016074 	 0.024340 	 -0.030156 	 -0.184723 	 0.076266 	 -0.116561 	 0.104133 	 0.182626 	 0.000000 
206 	 93.209568 	 0.000000 	 0.000000 	 0.000000 	 0.500000 	 -0.200000 	 0.000000 	 -0.200000 	 0.000000 	 0.100000 	 0.000000 	 -0.150866 	 -0.123180 	 -0.044073 	 0.110911 	 0.164498 	 -0.178358 	 0.081564 	 0.103781 	 0.000000 
207 	 93.214988 	 0.000000 	 0.000000 	 0.000000 	 0.500000 	 -0.300000 	 0.000000 	 -0.100000 	 0.000000 	 0.200000 	 0.000000 	 -0.015781 	 0.114976 	 -0.112532 	 -0.160677 	 0.137512 	 -0.075731 	 0.178264 	 0.118599 	 0.000000 
208 	 93.874284 	 0.000000 	 0.000000 	 0.000000 	 0.500000 	 -0.300000 	 0.000000 	 -0.200000 	 0.000000 	 0.200000 	 0.000000 	 0.116599 	 0.179219 	 0.041127 	 -0.034724 	 0.085504 	 -0.123298 	 -0.074887 	 -0.013480 	 0.000000 
209 	 94.417550 	 0.000000 	 0.000000 	 0.000000 	 0.500000 	 -0.300000 	 0.000000 	 -0.200000 	 0.000000 	 0.200000 	 0.000000 	 -0.103988 	 0.051095 	 0.058863 	 0.152157 	 0.036484 	 0.088718 	 0.124567 	 0.120126 	 0.000000 
210 	 94.803970 	 0.000000 	 0.000000 	 0.000000 	 0.500000 	 -0.300000 	 0.000000 	 -0.200000 	 0.000000 	 0.200000 	 0.000000 	 -0.172091 	 0.171190 	 -0.012355 	 -0.053283 	 0.084016 	 0.070877 	 0.125880 	 -0.010730 	 0.000000 
211 	 94.949867 	 0.000000 	 0.000000 	 0.000000 	 0.500000 	 -0.200000 	 0.000000 	 -0.100000 	 0.000000 	 0.100000 	 0.000000 	 -0.016190 	 0.062124 	 0.021187 	 0.042342 	 0.107606 	 -0.171210 	 0.175960 	 -0.078810 	 0.000000 
212 	 96.028495 	 0.000000 	 0.000000 	 0.000000 	 0.500000 	 -0.100000 	 0.000000 	 -0.100000 	 0.000000 	 0.200000 	 0.000000 	 0.026371 	 0.110205 	 -0.049331 	 -0.029963 	 0.033928 	 -0.184250 	 0.105423 	 -0.004595 	 0.000000 
213 	 96.207939 	 0.000000 	 0.000000 	 0.000000 	 0.500000 	 -0.300000 	 0.000000 	 -0.100000 	 0.000000 	 0.200000 	 0.000000 	 -0.145116 	 0.143203 	 0.179863 	 -0.002211 	 0.071202 	 -0.002654 	 0.039251 	 -0.092926 	 0.000000 
214 	 96.945007 	 0.000000 	 0.000000 	 0.000000 	 0.500000 	 0.000000 	 0.200000 	 0.000000 	 0.100000 	 0.000000 	 -0.000000 	 -0.039619 	 -0.064085 	 -0.173624 	 -0.194650 	 0.039399 	 0.017747 	 -0.195544 	 -0.080474 	 0.000000 
215 	 96.991237 	 0.000000 	 0.000000 	 0.000000 	 0.500000 	 -0.300000 	 0.000000 	 -0.100000 	 0.000000 	 0.100000 	 0.000000 	 -0.144014 	 0.119574 	 -0.084529 	 0.062715 	 0.125879 	 -0.148012 	 0.187960 	 0.128588 	 0.000000 
216 	 97.261914 	 0.000000 	 0.000000 	 0.000000 	 0.500000 	 0.000000 	 0.100000 	 0.000000 	 0.200000 	 0.000000 	 -0.200000 	 -0.089576 	 -0.085676 	 0.136458 	 -0.049521 	 -0.163318 	 -0.189324 	 0.177153 	 -0.142554 	 0.000000 
217 	 97.745742 	 0.000000 	 0.000000 	 0.000000 	 0.500000 	 -0.100000 	 0.000000 	 -0.300000 	 0.000000 	 0.100000 	 0.000000 	 -0.195182 	 0.021874 	 0.120202 	 0.169635 	 -0.048588 	 -0.078704 	 -0.030033 	 0.166813 	 0.000000 
218 	 97.978876 	 0.000000 	 0.000000 	 0.000000 	 0.500000 	 -0.300000 	 0.000000 	 -0.300000 	 0.000000 	 0.200000 	 0.000000 	 0.045614 	 0.179235 	 -0.149131 	 0.125532 	 0.002767 	 0.016000 	 -0.046300 	 0.007777 	 0.000000 
219 	 98.550975 	 0.000000 	 0.000000 	 0.000000 	 0.500000 	 -0.200000 	 0.000000 	 -0.300000 	 0.000000 	 0.100000 	 0.000000 	 -0.096509 	 0.158194 	 -0.120474 	 0.007889 	 -0.123718 	 -0.146892 	 0.039141 	 0.035745 	 0.000000 
220 	 98.761020 	 0.000000 	 0.000000 	 0.000000 	 0.500000 	 -0.200000 	 0.000000 	 -0.300000 	 0.000000 	 0.100000 	 0.000000 	 -0.174183 	 0.063451 	 0.139212 	 0.065657 	 0.155854 	 0.123036 	 0.152975 	 -0.006700 	 0.000000 
221 	 99.930875 	 0.000000 	 0.000000 	 0.000000 	 0.500000 	 -0.100000 	 0.000000 	 -0.300000 	 0.000000 	 0.200000 	 0.000000 	 -0.016975 	 0.177268 	 -0.157823 	 -0.022711 	 0.086483 	 -0.113511 	 -0.013748 	 0.008748 	 0.000000 
222 	 101.204070 	 0.000000 	 0.000000 	 0.000000 	 0.500000 	 0.000000 	 0.200000 	 0.000000 	 0.100000 	 0.000000 	 -0.000000 	 0.117705 	 0.005262 	 -0.116662 	 -0.144625 	 0.116603 	 0.172982 	 -0.159110 	 0.124735 	 0.000000 
223 	 101.293733 	 0.000000 	 0.000000 	 0.000000 	 0.500000 	 -0.200000 	 0.000000 	 -0.200000 	 0.000000 	 0.200000 	 0.000000 	 0.116372 	 0.068936 	 0.187301 	 -0.161227 	 -0.072066 	 -0.155795 	 0.085717 	 -0.078662 	 0.000000 
224 	 102.818689 	 0.000000 	 0.000000 	 0.000000 	 0.500000 	 -0.300000 	 0.000000 	 -0.300000 	 0.000000 	 0.100000 	 0.000000 	 -0.064571 	 0.163207 	 0.139811 	 0.175341 	 -0.106436 	 -0.150298 	 -0.132307 	 -0.026131 	 0.000000 
225 	 103.594283 	 0.000000 	 0.000000 	 0.000000 	 0.500000 	 -0.200000 	 0.000000 	 -0.100000 	 0.000000 	 0.200000 	 0.000000 	 0.097170 	 -0.036026 	 0.128531 	 0.047326 	 0.197380 	 -0.187807 	 0.151992 	 0.019636 	 0.000000 
226 	 104.707652 	 0.000000 	 0.000000 	 0.000000 	 0.500000 	 -0.100000 	 0.000000 	 -0.300000 	 0.000000 	 0.200000 	 0.000000 	 -0.095033 	 0.016226 	 0.001463 	 0.091338 	 -0.093075 	 -0.177579 	 -0.027597 	 0.156248 	 0.000000 
227 	 108.120336 	 0.000000 	 0.000000 	 0.000000 	 0.500000 	 -0.200000 	 0.000000 	 -0.300000 	 0.000000 	 0.200000 	 0.000000 	 0.016272 	 0.172031 	 0.143658 	 -0.138700 	 -0.091329 	 0.110855 	 0.152181 	 0.184401 	 0.000000 
228 	 108.277896 	 0.000000 	 0.000000 	 0.000000 	 0.500000 	 -0.300000 	 0.000000 	 -0.300000 	 0.000000 	 0.200000 	 0.000000 	 0.031667 	 0.034588 	 0.147619 	 -0.140142 	 0.187414 	 0.020581 	 0.167892 	 0.134703 	 0.000000 
229 	 112.999368 	 0.000000 	 0.000000 	 0.000000 	 0.500000 	 -0.300000 	 0.000000 	 -0.200000 	 0.000000 	 0.100000 	 0.000000 	 -0.144429 	 0.171793 	 0.143999 	 0.156489 	 -0.121421 	 -0.145980 	 0.195472 	 0.063424 	 0.000000 
230 	 124.349814 	 0.000000 	 0.000000 	 0.000000 	 0.500000 	 -0.300000 	 0.000000 	 -0.300000 	 0.000000 	 0.200000 	 0.000000 	 -0.087721 	 0.193905 	 0.118093 	 0.029762 	 0.118723 	 -0.037961 	 0.082830 	 -0.043195 	 0.000000 
231 	 1253857094.254722 	 0.000000 	 0.000000 	 0.000000 	 0.500000 	 -0.100000 	 0.000000 	 -0.100000 	 0.000000 	 0.000000 	 0.000000 	 -0.059895 	 -0.135970 	 0.157178 	 0.030504 	 0.179774 	 -0.172721 	 0.068891 	 -0.061297 	 0.000000 
232 	 1801563601.292353 	 0.000000 	 0.000000 	 0.000000 	 0.500000 	 -0.300000 	 0.000000 	 -0.100000 	 0.000000 	 0.000000 	 0.000000 	 0.145510 	 -0.037845 	 -0.033719 	 -0.095403 	 0.027968 	 0.104998 	 0.080701 	 0.109756 	 0.000000 
233 	 1990909166.055198 	 0.000000 	 0.000000 	 0.000000 	 0.500000 	 -0.100000 	 0.000000 	 -0.300000 	 0.000000 	 0.100000 	 0.000000 	 0.084925 	 -0.029828 	 0.159341 	 -0.199563 	 -0.198193 	 -0.134127 	 0.088457 	 0.105795 	 0.000000 
234 	 6642644953.088129 	 0.000000 	 0.000000 	 0.000000 	 0.500000 	 0.000000 	 0.300000 	 0.000000 	 0.200000 	 0.000000 	 -0.000000 	 0.113818 	 -0.140121 	 -0.068118 	 -0.125191 	 0.141744 	 -0.162001 	 0.172228 	 0.068093 	 0.000000 
235 	 8953025461.828781 	 0.000000 	 0.000000 	 0.000000 	 0.500000 	 -0.300000 	 0.000000 	 -0.100000 	 0.000000 	 0.000000 	 0.000000 	 0.158236 	 -0.076153 	 0.069522 	 -0.107297 	 -0.034912 	 -0.094917 	 -0.022217 	 0.197782 	 0.000000 
236 	 14143340300.800737 	 0.000000 	 0.000000 	 0.000000 	 0.500000 	 -0.100000 	 0.000000 	 -0.100000 	 0.000000 	 0.200000 	 0.000000 	 0.173208 	 -0.124133 	 0.158755 	 0.087041 	 0.154055 	 -0.121504 	 0.048339 	 0.008421 	 0.000000 
237 	 15027409942.814718 	 0.000000 	 0.000000 	 0.000000 	 0.500000 	 -0.300000 	 0.000000 	 -0.100000 	 0.000000 	 0.200000 	 0.000000 	 -0.093431 	 0.034935 	 -0.155106 	 0.146190 	 0.150599 	 0.163109 	 0.173293 	 -0.088337 	 0.000000 
238 	 27014628401.571499 	 0.000000 	 0.000000 	 0.000000 	 0.500000 	 -0.300000 	 0.000000 	 -0.200000 	 0.000000 	 0.200000 	 0.000000 	 -0.112182 	 -0.113013 	 0.150561 	 -0.030862 	 -0.172698 	 -0.137267 	 0.093149 	 -0.039773 	 0.000000 
239 	 34069694872.817310 	 0.000000 	 0.000000 	 0.000000 	 0.500000 	 0.000000 	 0.100000 	 0.000000 	 0.200000 	 0.000000 	 -0.100000 	 0.100676 	 -0.178076 	 -0.054166 	 0.178337 	 0.037069 	 -0.113004 	 0.141404 	 0.072815 	 0.000000 
240 	 37772240980.818428 	 0.000000 	 0.000000 	 0.000000 	 0.500000 	 -0.300000 	 0.000000 	 -0.200000 	 0.000000 	 0.000000 	 0.000000 	 0.180731 	 0.085853 	 0.124068 	 0.188794 	 0.010601 	 -0.128669 	 -0.009711 	 0.185240 	 0.000000 
241 	 55105691416.266037 	 0.000000 	 0.000000 	 0.000000 	 0.500000 	 0.000000 	 0.200000 	 0.000000 	 0.200000 	 0.000000 	 -0.200000 	 0.140129 	 -0.108228 	 -0.180997 	 0.102890 	 -0.151343 	 -0.187365 	 0.162484 	 0.170372 	 0.000000 
242 	 57978733790.674057 	 0.000000 	 0.000000 	 0.000000 	 0.500000 	 -0.200000 	 0.000000 	 -0.100000 	 0.000000 	 0.100000 	 0.000000 	 0.133289 	 -0.141102 	 0.095831 	 0.125190 	 -0.032428 	 -0.134187 	 -0.134015 	 0.073916 	 0.000000 
243 	 72184513803.416092 	 0.000000 	 0.000000 	 0.000000 	 0.500000 	 0.000000 	 0.200000 	 0.000000 	 0.300000 	 0.000000 	 -0.000000 	 0.077972 	 -0.171365 	 0.141369 	 0.151865 	 0.108228 	 -0.083251 	 0.010032 	 0.001700 	 0.000000 
244 	 115647023056.422531 	 0.000000 	 0.000000 	 0.000000 	 0.500000 	 -0.200000 	 0.000000 	 -0.200000 	 0.000000 	 0.100000 	 0.000000 	 0.050297 	 -0.156330 	 0.046161 	 -0.015550 	 -0.139393 	 -0.074971 	 0.060000 	 0.181142 	 0.000000 
245 	 129954589871.496704 	 0.000000 	 0.000000 	 0.000000 	 0.500000 	 -0.100000 	 0.000000 	 -0.200000 	 0.000000 	 0.200000 	 0.000000 	 -0.057056 	 -0.171666 	 0.115259 	 -0.017902 	 0.118754 	 -0.167685 	 0.147923 	 0.079858 	 0.000000 
246 	 131372080647.622910 	 0.000000 	 0.000000 	 0.000000 	 0.500000 	 -0.300000 	 0.000000 	 -0.200000 	 0.000000 	 0.000000 	 0.000000 	 0.109032 	 -0.142144 	 0.063457 	 -0.098765 	 -0.187889 	 -0.129506 	 0.069027 	 0.135148 	 0.000000 
247 	 168275769035.192322 	 0.000000 	 0.000000 	 0.000000 	 0.500000 	 -0.300000 	 0.000000 	 -0.300000 	 0.000000 	 0.000000 	 0.000000 	 0.164543 	 -0.115286 	 -0.049877 	 0.137564 	 0.103318 	 0.143878 	 -0.197831 	 0.086952 	 0.000000 
248 	 174280786658.839233 	 0.000000 	 0.000000 	 0.000000 	 0.500000 	 0.000000 	 0.300000 	 0.000000 	 0.300000 	 0.000000 	 -0.000000 	 0.132839 	 -0.105912 	 -0.186363 	 0.125818 	 -0.078170 	 -0.022966 	 0.105360 	 0.091023 	 0.000000 
249 	 190463259156.017670 	 0.000000 	 0.000000 	 0.000000 	 0.500000 	 -0.100000 	 0.000000 	 -0.100000 	 0.000000 	 0.100000 	 0.000000 	 0.018771 	 0.170968 	 -0.187258 	 0.197873 	 0.194966 	 0.001678 	 0.055024 	 -0.149205 	 0.000000 
250 	 191359487287.430817 	 0.000000 	 0.000000 	 0.000000 	 0.500000 	 0.000000 	 0.300000 	 0.000000 	 0.300000 	 0.000000 	 -0.100000 	 0.103482 	 0.135842 	 -0.060968 	 -0.104090 	 -0.003735 	 0.162205 	 0.109916 	 0.180248 	 0.000000 
251 	 255701060445.028534 	 0.000000 	 0.000000 	 0.000000 	 0.500000 	 -0.300000 	 0.000000 	 -0.300000 	 0.000000 	 0.000000 	 0.000000 	 0.181670 	 -0.109658 	 -0.090192 	 -0.046825 	 0.017560 	 0.033149 	 0.157784 	 0.024499 	 0.000000 
252 	 279342541586.280762 	 0.000000 	 0.000000 	 0.000000 	 0.500000 	 0.000000 	 0.300000 	 0.000000 	 0.200000 	 0.000000 	 -0.100000 	 0.121318 	 -0.137557 	 -0.019823 	 0.063434 	 0.016870 	 0.175370 	 0.055098 	 -0.036865 	 0.000000 
253 	 286550859788.389343 	 0.000000 	 0.000000 	 0.000000 	 0.500000 	 0.000000 	 0.200000 	 0.000000 	 0.100000 	 0.000000 	 -0.100000 	 0.154296 	 -0.197523 	 0.198714 	 -0.083139 	 -0.130643 	 -0.170157 	 -0.188199 	 -0.056919 	 0.000000 
254 	 292632430344.196228 	 0.000000 	 0.000000 	 0.000000 	 0.500000 	 -0.200000 	 0.000000 	 -0.200000 	 0.000000 	 0.100000 	 0.000000 	 0.119956 	 0.027522 	 0.195872 	 0.129473 	 -0.195445 	 -0.184556 	 0.130600 	 -0.003626 	 0.000000 
255 	 539454819022.791748 	 0.000000 	 0.000000 	 0.000000 	 0.500000 	 -0.300000 	 0.000000 	 -0.100000 	 0.000000 	 0.200000 	 0.000000 	 0.133976 	 -0.168555 	 0.195708 	 0.112469 	 -0.096887 	 -0.072992 	 -0.006476 	 -0.024868 	 0.000000 
256 	 600098675290.435669 	 0.000000 	 0.000000 	 0.000000 	 0.500000 	 0.000000 	 0.300000 	 0.000000 	 0.200000 	 0.000000 	 -0.200000 	 0.068067 	 0.114378 	 0.139572 	 0.027927 	 0.036932 	 0.125278 	 -0.010191 	 -0.062818 	 0.000000 
257 	 651199361608.196289 	 0.000000 	 0.000000 	 0.000000 	 0.500000 	 -0.100000 	 0.000000 	 -0.300000 	 0.000000 	 0.200000 	 0.000000 	 0.109486 	 -0.159668 	 0.150605 	 -0.084012 	 0.010960 	 -0.093554 	 0.079745 	 0.158720 	 0.000000 
258 	 734024077881.301514 	 0.000000 	 0.000000 	 0.000000 	 0.500000 	 -0.300000 	 0.000000 	 -0.200000 	 0.000000 	 0.000000 	 0.000000 	 -0.136562 	 -0.180330 	 0.164717 	 0.188950 	 -0.138990 	 0.072025 	 0.014636 	 0.093703 	 0.000000 
259 	 786133803503.404907 	 0.000000 	 0.000000 	 0.000000 	 0.500000 	 -0.100000 	 0.000000 	 -0.200000 	 0.000000 	 0.000000 	 0.000000 	 -0.114177 	 -0.196381 	 0.172779 	 -0.172703 	 -0.028876 	 -0.004142 	 -0.142604 	 0.066122 	 0.000000 
260 	 1151001079466.009766 	 0.000000 	 0.000000 	 0.000000 	 0.500000 	 0.000000 	 0.200000 	 0.000000 	 0.200000 	 0.000000 	 -0.200000 	 0.179012 	 -0.173905 	 0.010828 	 -0.175406 	 0.177834 	 0.112773 	 0.109225 	 -0.010362 	 0.000000 
261 	 1344499712805.375000 	 0.000000 	 0.000000 	 0.000000 	 0.500000 	 -0.200000 	 0.000000 	 -0.300000 	 0.000000 	 0.100000 	 0.000000 	 0.074465 	 -0.189068 	 0.135395 	 -0.037769 	 -0.021201 	 -0.105230 	 0.096192 	 0.194022 	 0.000000 
262 	 1413107270987.601807 	 0.000000 	 0.000000 	 0.000000 	 0.500000 	 0.000000 	 0.300000 	 0.000000 	 0.200000 	 0.000000 	 -0.200000 	 0.082002 	 -0.191535 	 -0.163646 	 -0.196505 	 -0.041887 	 -0.085896 	 -0.152905 	 0.019619 	 0.000000 
263 	 1960959526973.865234 	 0.000000 	 0.000000 	 0.000000 	 0.500000 	 0.000000 	 0.100000 	 0.000000 	 0.300000 	 0.000000 	 -0.200000 	 -0.026723 	 -0.192302 	 0.165577 	 -0.128001 	 -0.197927 	 -0.104612 	 -0.158400 	 0.091413 	 0.000000 
264 	 2128509776265.895508 	 0.000000 	 0.000000 	 0.000000 	 0.500000 	 0.000000 	 0.200000 	 0.000000 	 0.200000 	 0.000000 	 -0.100000 	 -0.101053 	 -0.135615 	 0.179395 	 0.189940 	 0.060879 	 -0.032665 	 0.095121 	 0.197884 	 0.000000 
265 	 2693004985581.429199 	 0.000000 	 0.000000 	 0.000000 	 0.500000 	 0.000000 	 0.200000 	 0.000000 	 0.300000 	 0.000000 	 -0.200000 	 0.170476 	 -0.051103 	 -0.045849 	 0.129818 	 0.124970 	 -0.171837 	 0.168749 	 0.126556 	 0.000000 
266 	 3078457976346.045410 	 0.000000 	 0.000000 	 0.000000 	 0.500000 	 0.000000 	 0.300000 	 0.000000 	 0.300000 	 0.000000 	 -0.200000 	 0.076497 	 -0.053247 	 0.077195 	 0.194197 	 0.060222 	 0.095393 	 -0.177873 	 0.144161 	 0.000000 
267 	 3806685394517.844727 	 0.000000 	 0.000000 	 0.000000 	 0.500000 	 0.000000 	 0.300000 	 0.000000 	 0.200000 	 0.000000 	 -0.100000 	 0.191850 	 0.014620 	 -0.006107 	 -0.057165 	 -0.013012 	 -0.149336 	 -0.114387 	 0.036188 	 0.000000 
268 	 4081006783356.937988 	 0.000000 	 0.000000 	 0.000000 	 0.500000 	 0.000000 	 0.300000 	 0.000000 	 0.200000 	 0.000000 	 -0.100000 	 0.195226 	 0.128746 	 -0.081864 	 0.089711 	 -0.131623 	 0.160172 	 -0.198429 	 0.016175 	 0.000000 
269 	 6734766988110.474609 	 0.000000 	 0.000000 	 0.000000 	 0.500000 	 0.000000 	 0.300000 	 0.000000 	 0.300000 	 0.000000 	 -0.200000 	 0.104971 	 -0.054747 	 -0.169869 	 0.141687 	 -0.176514 	 -0.134552 	 -0.104429 	 0.017436 	 0.000000 
270 	 9055632243595.998047 	 0.000000 	 0.000000 	 0.000000 	 0.500000 	 0.000000 	 0.300000 	 0.000000 	 0.100000 	 0.000000 	 -0.200000 	 0.163590 	 -0.100342 	 -0.139806 	 0.135258 	 0.171519 	 0.027956 	 -0.163019 	 -0.135563 	 0.000000 
