  0.1519509               1
  0.1538268               2
  0.1555557               3
  0.1570711               4
  0.1583147               5
  0.1592388               6
  0.1598079               7
  0.1600000               8
  0.1598079               9
  0.1592388              10
  0.1583147              11
  0.1570711              12
  0.1555557              13
  0.1538268              14
  0.1519509              15
  0.1500000              16
  0.1480491              17
  0.1461732              18
  0.1444443              19
  0.1429289              20
  0.1416853              21
  0.1407612              22
  0.1401922              23
  0.1400000              24
  0.1401922              25
  0.1407612              26
  0.1416853              27
  0.1429289              28
  0.1444443              29
  0.1461732              30
  0.1480491              31
  0.1500000              32
