  5.1950905E-02           1
  5.3826835E-02           2
  5.5555701E-02           3
  5.7071067E-02           4
  5.8314696E-02           5
  5.9238795E-02           6
  5.9807852E-02           7
  5.9999999E-02           8
  5.9807852E-02           9
  5.9238795E-02          10
  5.8314696E-02          11
  5.7071067E-02          12
  5.5555701E-02          13
  5.3826835E-02          14
  5.1950905E-02          15
  5.0000001E-02          16
  4.8049096E-02          17
  4.6173166E-02          18
  4.4444297E-02          19
  4.2928930E-02          20
  4.1685302E-02          21
  4.0761203E-02          22
  4.0192150E-02          23
  3.9999999E-02          24
  4.0192150E-02          25
  4.0761206E-02          26
  4.1685306E-02          27
  4.2928934E-02          28
  4.4444297E-02          29
  4.6173166E-02          30
  4.8049100E-02          31
  5.0000001E-02          32
