  6.1950907E-02           1
  6.3826837E-02           2
  6.5555707E-02           3
  6.7071073E-02           4
  6.8314701E-02           5
  6.9238797E-02           6
  6.9807857E-02           7
  7.0000000E-02           8
  6.9807857E-02           9
  6.9238797E-02          10
  6.8314694E-02          11
  6.7071073E-02          12
  6.5555707E-02          13
  6.3826837E-02          14
  6.1950907E-02          15
  6.0000002E-02          16
  5.8049098E-02          17
  5.6173168E-02          18
  5.4444298E-02          19
  5.2928932E-02          20
  5.1685303E-02          21
  5.0761204E-02          22
  5.0192151E-02          23
  5.0000004E-02          24
  5.0192151E-02          25
  5.0761208E-02          26
  5.1685307E-02          27
  5.2928936E-02          28
  5.4444298E-02          29
  5.6173168E-02          30
  5.8049101E-02          31
  6.0000002E-02          32
