  0.1619509               1
  0.1638268               2
  0.1655557               3
  0.1670711               4
  0.1683147               5
  0.1692388               6
  0.1698079               7
  0.1700000               8
  0.1698079               9
  0.1692388              10
  0.1683147              11
  0.1670711              12
  0.1655557              13
  0.1638268              14
  0.1619509              15
  0.1600000              16
  0.1580491              17
  0.1561732              18
  0.1544443              19
  0.1529289              20
  0.1516853              21
  0.1507612              22
  0.1501921              23
  0.1500000              24
  0.1501921              25
  0.1507612              26
  0.1516853              27
  0.1529289              28
  0.1544443              29
  0.1561732              30
  0.1580491              31
  0.1600000              32
