  8.1950903E-02           1
  8.3826832E-02           2
  8.5555702E-02           3
  8.7071069E-02           4
  8.8314697E-02           5
  8.9238793E-02           6
  8.9807853E-02           7
  8.9999996E-02           8
  8.9807853E-02           9
  8.9238793E-02          10
  8.8314690E-02          11
  8.7071069E-02          12
  8.5555702E-02          13
  8.3826832E-02          14
  8.1950903E-02          15
  7.9999998E-02          16
  7.8049093E-02          17
  7.6173164E-02          18
  7.4444294E-02          19
  7.2928928E-02          20
  7.1685299E-02          21
  7.0761204E-02          22
  7.0192143E-02          23
  7.0000000E-02          24
  7.0192143E-02          25
  7.0761204E-02          26
  7.1685307E-02          27
  7.2928935E-02          28
  7.4444294E-02          29
  7.6173164E-02          30
  7.8049093E-02          31
  7.9999998E-02          32
