  0.1319509               1
  0.1338268               2
  0.1355557               3
  0.1370711               4
  0.1383147               5
  0.1392388               6
  0.1398079               7
  0.1400000               8
  0.1398079               9
  0.1392388              10
  0.1383147              11
  0.1370711              12
  0.1355557              13
  0.1338268              14
  0.1319509              15
  0.1300000              16
  0.1280491              17
  0.1261732              18
  0.1244443              19
  0.1229289              20
  0.1216853              21
  0.1207612              22
  0.1201921              23
  0.1200000              24
  0.1201921              25
  0.1207612              26
  0.1216853              27
  0.1229289              28
  0.1244443              29
  0.1261732              30
  0.1280491              31
  0.1300000              32
