  0.1219509               1
  0.1238268               2
  0.1255557               3
  0.1270711               4
  0.1283147               5
  0.1292388               6
  0.1298078               7
  0.1300000               8
  0.1298078               9
  0.1292388              10
  0.1283147              11
  0.1270711              12
  0.1255557              13
  0.1238268              14
  0.1219509              15
  0.1200000              16
  0.1180491              17
  0.1161732              18
  0.1144443              19
  0.1129289              20
  0.1116853              21
  0.1107612              22
  0.1101921              23
  0.1100000              24
  0.1101921              25
  0.1107612              26
  0.1116853              27
  0.1129289              28
  0.1144443              29
  0.1161732              30
  0.1180491              31
  0.1200000              32
