  0.1019509               1
  0.1038268               2
  0.1055557               3
  0.1070711               4
  0.1083147               5
  0.1092388               6
  0.1098079               7
  0.1100000               8
  0.1098079               9
  0.1092388              10
  0.1083147              11
  0.1070711              12
  0.1055557              13
  0.1038268              14
  0.1019509              15
  0.1000000              16
  9.8049097E-02          17
  9.6173167E-02          18
  9.4444297E-02          19
  9.2928931E-02          20
  9.1685303E-02          21
  9.0761207E-02          22
  9.0192147E-02          23
  9.0000004E-02          24
  9.0192147E-02          25
  9.0761207E-02          26
  9.1685310E-02          27
  9.2928939E-02          28
  9.4444297E-02          29
  9.6173167E-02          30
  9.8049097E-02          31
  0.1000000              32
