  9.1950908E-02           1
  9.3826838E-02           2
  9.5555708E-02           3
  9.7071074E-02           4
  9.8314703E-02           5
  9.9238798E-02           6
  9.9807858E-02           7
  0.1000000               8
  9.9807858E-02           9
  9.9238798E-02          10
  9.8314695E-02          11
  9.7071074E-02          12
  9.5555708E-02          13
  9.3826838E-02          14
  9.1950908E-02          15
  9.0000004E-02          16
  8.8049099E-02          17
  8.6173169E-02          18
  8.4444299E-02          19
  8.2928933E-02          20
  8.1685305E-02          21
  8.0761209E-02          22
  8.0192149E-02          23
  8.0000006E-02          24
  8.0192149E-02          25
  8.0761209E-02          26
  8.1685312E-02          27
  8.2928941E-02          28
  8.4444299E-02          29
  8.6173169E-02          30
  8.8049099E-02          31
  9.0000004E-02          32
