  7.1950905E-02           1
  7.3826835E-02           2
  7.5555705E-02           3
  7.7071071E-02           4
  7.8314699E-02           5
  7.9238795E-02           6
  7.9807855E-02           7
  7.9999998E-02           8
  7.9807855E-02           9
  7.9238795E-02          10
  7.8314692E-02          11
  7.7071071E-02          12
  7.5555705E-02          13
  7.3826835E-02          14
  7.1950905E-02          15
  7.0000000E-02          16
  6.8049096E-02          17
  6.6173166E-02          18
  6.4444296E-02          19
  6.2928930E-02          20
  6.1685301E-02          21
  6.0761202E-02          22
  6.0192149E-02          23
  6.0000002E-02          24
  6.0192149E-02          25
  6.0761206E-02          26
  6.1685305E-02          27
  6.2928937E-02          28
  6.4444296E-02          29
  6.6173166E-02          30
  6.8049096E-02          31
  7.0000000E-02          32
