  0.1119509               1
  0.1138268               2
  0.1155557               3
  0.1170711               4
  0.1183147               5
  0.1192388               6
  0.1198079               7
  0.1200000               8
  0.1198079               9
  0.1192388              10
  0.1183147              11
  0.1170711              12
  0.1155557              13
  0.1138268              14
  0.1119509              15
  0.1100000              16
  0.1080491              17
  0.1061732              18
  0.1044443              19
  0.1029289              20
  0.1016853              21
  0.1007612              22
  0.1001921              23
  0.1000000              24
  0.1001921              25
  0.1007612              26
  0.1016853              27
  0.1029289              28
  0.1044443              29
  0.1061732              30
  0.1080491              31
  0.1100000              32
