  0.1419509               1
  0.1438268               2
  0.1455557               3
  0.1470711               4
  0.1483147               5
  0.1492388               6
  0.1498079               7
  0.1500000               8
  0.1498079               9
  0.1492388              10
  0.1483147              11
  0.1470711              12
  0.1455557              13
  0.1438268              14
  0.1419509              15
  0.1400000              16
  0.1380491              17
  0.1361732              18
  0.1344443              19
  0.1329289              20
  0.1316853              21
  0.1307612              22
  0.1301921              23
  0.1300000              24
  0.1301921              25
  0.1307612              26
  0.1316853              27
  0.1329289              28
  0.1344443              29
  0.1361732              30
  0.1380491              31
  0.1400000              32
